1716
1717
1615
1623
1790
1639
2163
1888
1699
1735
1529
1365
1717
1545
1766
1342
1251
1747
1764
1473
1653
2018
1755
1859
1685
1597
1554
1687
1754
1728
1459
1594
1420
1674
1517
1295
1594
1501
1724
1924
1868
1765
1810
1779
1782
1499
1657
1555
1964
1769
1636
1807
1493
1671
1419
1672
1736
1375
1757
1737
1425
1563
1610
1785
1509
1762
1393
1719
1866
1509
1508
1520
1331
1637
1931
1888
1527
1677
1421
1431
1842
1649
1733
1571
1841
1368
1401
1715
1597
1735
1474
1880
1773
1646
1818
1564
1383
1455
1891
1646
1687
2108
1329
1401
1612
1424
1654
1840
1562
2168
1567
1700
1394
1543
1978
1810
1663
1617
1638
2133
1340
1851
2024
1788
1743
1895
1760
1583
1835
1498
1674
1739
1787
1445
1570
1396
1498
1829
1582
1449
1228
1644
1890
1592
2058
2049
1604
1377
1775
1655
1382
1578
1965
1607
1644
1686
1765
1679
1761
1663
1591
1611
1886
1640
1670
1742
1578
1403
1885
1175
1827
1827
1749
1680
1669
1501
1629
1977
1542
1851
1422
1397
1752
1377
1571
1851
1851
1374
1626
1653
1921
1847
1630
1987
1742
1705
1625
1541
1703
1599
1788
1688
1729
1737
1776
1972
1692
1446
1511
1532
1742
1820
1697
1657
1457
1975
2029
1575
1643
2090
1415
1801
1575
1599
1489
1568
1697
1742
1365
1907
1483
1965
1379
1612
1401
1472
1433
1582
2243
1398
2016
1865
1508
1744
1614
1845
1785
1663
1543
1459
1393
1590
1432
1653
1496
1464
1709
1912
1326
1655
1762
1599
1520
1298
1689
1587
1713
1739
1401
1582
1518
1891
1551
1220
1857
1511
1899
1505
1377
1990
1504
1574
1748
1698
1844
1533
1813
1460
1537
1641
1521
1473
1599
1795
1669
1538
1627
1875
1708
1787
1913
1545
1601
1175
1654
1404
1919
1522
1247
1551
1367
1658
1783
1623
1575
1760
1645
1624
1730
1470
1608
1534
1268
1675
1598
1713
1743
1899
1557
2186
1497
1435
1415
1628
1663
1275
1747
1840
1958
1629
1903
1261
1692
1779
1503
1853
1844
1644
1647
1292
1220
1676
1621
1577
2028
1602
1801
1769
1703
1958
1477
1561
1937
1354
1910
1760
1592
1418
1592
1834
1748
1702
1659
1695
1888
2095
1691
1452
1652
1895
1838
1248
2069
1544
1578
1449
1845
2061
1580
1493
1810
1957
1809
1622
1755
1371
1405
1835
1940
1349
1793
1450
1892
1869
1651
1929
1483
1855
1256
1652
2032
1390
1856
1739
1551
1653
1597
1258
1523
1589
1526
1106
1528
1354
1681
1895
1871
1941
1836
1351
1531
1106
1472
1611
1524
1256
1613
1653
1551
1684
2032
1621
2028
1479
1256
1542
1771
1642
1741
1435
1473
1449
1581
1672
1623
1879
1799
1485
1933
1863
1711
1373
1737
1590
1313
1776
1875
1653
1701
1616
1363
1459
1834
1801
1596
1462
1368
1740
1651
1343
1694
2054
1839
1617
1531
1855
1959
1715
1830
1829
1647
1487
1744
1745
1695
1805
1531
1717
1493
2056
1632
1822
2032
1835
1570
1421
1322
1861
1852
1792
1657
1689
1448
1344
1841
2112
1558
1751
1380
1500
1561
1201
1439
1244
1517
1398
1688
1643
1736
1933
1699
1403
1297
1853
1549
1833
1672
1781
1818
1552
1724
1490
1565
1886
1897
1649
1535
1370
1548
1873
1877
1584
1561
1916
1448
1923
1784
1782
1437
1814
1794
1505
1873
1695
1304
1642
1481
1766
1800
1745
1723
1571
1951
1521
1737
1564
1627
1661
1725
1684
1539
1728
1462
1533
1671
1619
1170
1424
1505
1897
1664
1742
1570
1531
1361
1905
1730
1505
1650
1347
1507
1923
1608
1658
1560
1677
1615
1935
1560
1573
1442
1493
1673
1599
1269
1931
1855
1927
1173
2045
1338
1733
1790
1884
1691
1809
1550
1832
1654
1763
1616
1751
1556
1735
1341
1797
1624
2055
2143
1935
1693
1703
2014
1735
1586
1447
1327
1623
1863
1843
1738
1777
1478
1538
1896
1797
1599
1781
1450
1411
1776
1494
1900
2102
1657
1843
1790
1453
1944
1364
1782
1625
1665
1751
1679
1881
1893
1522
2128
1848
1437
1725
1391
1809
1579
1960
1761
1626
1740
1577
1783
1543
1796
1561
1773
1703
1462
2004
1612
1798
1793
1823
1366
1774
1564
1473
1694
1808
1651
1340
1735
1695
1531
1539
1719
1360
1495
1530
1874
1350
2034
1890
1473
1553
1776
1883
1917
1823
1795
1586
1588
1671
1829
1414
1713
1897
1324
1727
1797
1655
1984
1737
1588
1421
1671
1354
1712
1784
1404
1641
1479
1381
1486
1558
1611
2020
1897
1559
1913
1420
2052
1636
1778
1489
1728
1529
1598
1280
1815
1460
1825
1815
1426
1622
2224
1969
1784
1288
1238
1634
1574
1880
1687
1757
1362
1867
1787
1620
1861
1541
1570
1553
2020
1906
1629
1801
1809
1541
1356
1538
1849
2028
1597
1665
1722
1510
1501
1595
1358
1714
1579
1895
1539
1986
1584
1607
1418
1692
1946
1400
1391
1709
1922
1647
1438
1294
1795
1799
1553
1425
1754
1321
1699
1500
1473
1508
2039
1649
1618
1437
1901
1588
1868
1866
1598
1577
1234
1516
1654
1773
1384
1506
1611
1851
1320
1645
1388
1469
1622
1519
1367
1632
1495
1757
1665
1740
1707
1601
1686
1397
1356
1357
1787
1787
1761
1715
1739
1964
1905
1509
1888
1370
1313
1791
1516
1453
1497
1489
1850
2014
1691
1839
1445
1920
2160
1296
1401
1485
1538
1544
1418
1216
1632
1705
1779
1433
1584
1688
1832
1405
1647
1613
1822
1835
1544
1569
1727
2072
1619
1643
1707
1700
1497
1753
1909
1371
1426
1348
1631
1390
1513
1503
1979
1272
1513
1627
1637
1864
1508
1667
1699
1562
1750
1863
1731
1252
1473
1534
1620
1643
1193
1555
1555
1653
1879
1819
1562
2116
1801
1503
1237
1572
1872
1884
1805
1834
1367
1826
1301
1691
1467
1944
1581
1391
1422
1807
1686
1399
1698
1570
1869
1789
1503
1639
1630
1707
1280
1640
1645
1328
1556
1692
1608
2076
1254
1852
1965
1613
1793
1625
2002
1799
1694
1865
1935
1810
1877
1773
1807
1738
1469
2110
1839
1458
1589
1631
1836
1636
1836
1449
2033
1456
1317
1521
1748
1538
1617
2137
1784
1812
1508
1933
1508
1725
1574
1953
1737
1665
1477
1821
1634
1442
1813
1357
1431
1949
1730
1732
1851
1600
1817
1872
1863
1779
1803
1499
1821
1820
1430
1763
1484
1494
1449
1588
1544
1585
1891
1719
1817
1863
1715
1666
1418
2016
1670
1306
1589
1619
1913
1399
1674
1902
1719
1756
2010
1696
1765
1536
1928
1933
1649
1470
1655
1329
1857
1716
1998
1432
1679
1695
1543
1665
1537
1663
2036
1631
1604
1460
1583
1955
1434
1487
1730
1786
1401
1510
1627
1625
1649
1897
1666
1689
1411
1454
1918
1403
2179
2150
1791
1346
1618
2052
1783
2142
1883
1896
1925
1751
1258
1675
1910
1601
1671
1537
1502
1889
1753
1719
1843
1723
1671
1765
1656
1515
1560
1481
1863
1385
1332
1695
1147
1656
1520
1148
1900
1602
1630
1596
1973
1732
2082
1897
1835
1509
1506
1789
1855
1715
1815
1364
1651
1727
1592
1717
1789
1812
1722
1734
1747
1636
1895
1768
1632
1351
1703
1853
1667
1153
1566
1795
1627
1953
1727
1736
1500
1534
1809
1643
1528
1858
1557
1507
1532
1855
1852
1546
1846
1543
1867
1708
1369
1412
1405
1473
1219
1435
1734
1930
1462
1627
1542
1720
1816
1837
1916
1515
1505
1632
1623
1620
1534
1755
1589
1734
1756
1863
1420
1553
1643
1565
1523
1600
1703
1522
1877
2022
1514
1389
2125
1840
1687
1883
1823
1827
1593
1456
1685
1944
1520
1513
1930
1665
1349
1761
1807
1968
1420
1688
1699
1685
1434
1733
1827
1880
1555
1492
1621
1931
1818
1731
1619
1405
1526
1718
1450
1857
1493
1770
2052
1482
1610
1311
1721
1757
1553
1455
1678
1716
1433
1781
1736
1488
1923
1544
1520
1930
1690
1921
1600
1622
1348
1595
1531
1693
1987
1885
1169
1909
1748
1995
1777
1831
1788
1847
1634
1927
1886
1483
1384
1647
1769
1312
1750
2072
1615
1465
1422
1147
1408
1548
1639
1736
1541
1550
1664
1635
1662
1586
1580
1799
1542
1384
1954
1651
1532
1813
1622
1479
1708
1439
1172
1627
2026
1765
2096
1649
1849
1739
1834
1410
1717
1618
1438
1608
1662
1963
1811
1521
1469
1696
1357
1745
1534
1423
1913
1961
1537
1555
1697
1474
2060
1936
1414
1623
1950
1781
1593
1499
1556
1871
2196
1791
1689
1667
1524
1719
1704
1651
1521
1835
1848
1860
1777
1808
1751
1883
1276
1803
1329
1863
1593
1837
1486
1532
1911
1428
1920
1561
1608
1805
1776
1390
1905
1677
1516
1716
1415
1626
1812
1710
1351
1452
1578
1452
1790
1505
1473
1627
1699
2083
1488
1523
1875
1789
1336
1530
1603
1527
1785
1511
1899
1781
1615
1567
1646
1750
1464
1746
1664
1659
1328
1801
1757
1599
1754
1655
1385
1728
1903
1648
1965
1888
1894
1821
2172
1657
1681
1884
1440
1962
1741
1709
1948
1890
1595
1406
1416
1444
1783
1596
1270
1601
1816
1663
2060
1623
1949
1499
1771
2064
1637
1576
1738
1650
1426
1792
1752
1891
1821
1705
1735
1736
1473
1897
1508
1478
1389
1644
1835
1627
1710
1663
1558
1553
1614
1341
1904
1733
1341
1287
1187
2084
1829
1536
1479
1643
1817
1227
1419
1649
1874
1840
1500
1556
1827
1501
1687
1689
2075
1267
1695
1721
1504
1769
1260
1825
1801
1705
1812
1731
1740
1658
1575
1834
1583
2012
1573
1637
1612
1639
1074
1768
1428
1695
1796
1515
1667
1289
1785
1510
1701
1730
1385
1774
1452
1717
1811
1454
1483
1222
1869
1390
1470
2119
1605
1302
1804
1323
1821
1584
1772
1609
1627
1596
1605
1450
1717
2132
1732
1837
1605
1477
1850
1835
1737
1249
1346
1485
1690
1715
1433
1448
1692
2134
1757
1567
1309
1736
1745
1761
1786
1520
2168
1787
1726
1540
1781
1615
1611
1687
1809
1843
1281
1677
1826
1581
1829
1122
1195
1655
1634
1639
1429
1943
1799
1721
1683
1800
1552
1766
1665
1630
1739
1828
1122
1241
1642
1815
1407
1941
1559
1486
1741
1799
1880
1601
1612
1567
1513
1824
1891
1783
1436
1722
1420
1428
1930
1899
1533
1489
1937
1755
1461
1376
1345
1825
1757
1764
1835
1612
1473
1334
1241
1368
1613
1377
1717
1417
1955
1420
1911
1640
1745
1829
1711
1775
1742
1579
1760
1879
1921
1789
1879
1473
1637
1511
1418
1750
1859
1972
1655
1460
1374
1511
1615
1691
1713
1717
1857
1551
1873
1878
1445
1392
1743
1813
1756
1727
1950
1429
1397
1544
1411
1799
1368
1993
1888
1971
1337
1783
1750
1970
1729
1820
1721
1731
1577
1396
1454
1291
1647
1856
1836
1551
1621
1743
1459
1787
1638
1572
1564
1706
1367
1856
1469
1829
1520
1772
1657
1627
1606
1684
1563
1610
1821
1457
1551
1467
1977
1617
1923
1869
1918
1388
1645
1706
1755
1624
1857
1655
1403
1634
1655
1569
1440
1628
1724
1893
1807
1329
1491
1871
1454
1559
1733
1819
1641
1851
1442
1981
1527
1375
1713
1855
1904
1107
1547
1669
1502
1469
1773
1370
1713
1727
1684
1701
1948
1353
1430
1808
1739
1709
1566
1237
1857
1700
1687
1632
2000
1730
1818
2024
1682
1586
1651
1920
1795
1932
1537
1564
1551
1842
1650
1969
1956
1897
1423
1404
1469
1728
1821
1311
1655
2012
1775
1328
1763
1553
1329
1830
1304
1504
1467
1569
1441
1762
1947
1792
1936
1912
1454
1749
1924
1657
1749
1959
1635
2072
1855
1725
1779
1698
1705
2024
1982
1775
1565
1253
1602
1393
1746
1505
1737
1632
1643
1176
1793
1002
1582
1427
1622
1697
1737
1843
1660
1445
1544
1564
1859
1677
1469
1416
1807
1929
1323
1969
1642
1416
1749
1391
1669
1644
1457
1592
1387
1677
1611
1492
1575
1728
1631
1254
1152
1864
1507
1853
1783
1757
1609
1718
1771
1676
1503
1360
1459
1537
1814
1621
1993
1557
1948
1613
1276
1537
1372
1615
1817
1855
1548
1444
1608
1796
1644
1648
1698
1594
1681
1752
1985
1843
1495
1387
1835
1417
1722
1978
1285
1700
2117
1683
1566
1739
1690
1927
1791
1609
1301
1645
1773
1767
1569
1671
1423
1789
1688
1648
1416
2129