961
962
973
984
990
990
986
978
971
966
963
961
961
960
959
958
958
960
964
970
975
977
973
962
944
923
905
896
900
914
935
954
967
971
968
965
965
973
989
1009
1029
1045
1053
1054
1049
1041
1031
1022
1014
1006
997
987
976
963
951
941
934
933
939
950
965
981
997
1010
1019
1026
1030
1034
1039
1044
1048
1050
1045
1032
1011
987
963
945
938
943
955
973
991
1008
1021
1032
1042
1050
1055
1055
1048
1033
1014
992
971
955
947
946
951
962
973
984
992
995
993
988
980
970
958
947
937
933
937
952
976
1007
1036
1056
1060
1046
1017
980
946
922
912
915
928
944
960
974
988
1002
1017
1030
1040
1043
1038
1025
1010
996
988
987
992
998
1001
999
990
978
967
959
956
956
956
953
948
941
936
937
945
958
973
985
993
996
999
1005
1017
1035
1055
1072
1079
1077
1067
1056
1047
1045
1050
1056
1060
1054
1039
1015
988
963
944
931
924
918
911
902
894
891
899
923
960
1004
1050
1085
1103
1100
1077
1041
1001
964
939
928
928
937
947
953
949
936
916
897
887
890
909
940
977
1010
1031
1037
1029
1014
999
991
994
1005
1020
1033
1041
1040
1033
1023
1013
1003
993
980
967
956
953
962
984
1012
1037
1050
1044
1017
979
939
911
902
912
936
964
989
1008
1022
1035
1051
1070
1088
1097
1092
1068
1027
979
934
902
887
889
902
919
933
943
950
961
978
1001
1026
1043
1045
1029
999
964
937
928
940
969
1003
1032
1045
1040
1019
990
961
939
929
928
934
943
953
963
974
988
1005
1024
1040
1049
1046
1029
1001
965
931
907
897
904
922
948
974
995
1012
1024
1032
1037
1039
1035
1025
1008
990
973
961
957
960
970
982
993
999
998
990
977
962
948
940
940
951
968
988
1005
1014
1013
1002
985
965
950
942
945
957
975
995
1011
1020
1020
1017
1016
1023
1039
1060
1078
1082
1066
1030
983
937
907
899
913
941
973
999
1013
1016
1010
1002
994
989
986
985
985
985
983
977
969
957
946
939
941
951
971
997
1023
1045
1061
1070
1073
1074
1071
1067
1059
1048
1035
1020
1003
985
966
946
927
912
902
900
903
910
919
927
932
938
943
949
956
963
968
969
965
956
944
928
913
900
893
892
898
912
932
954
976
995
1010
1021
1028
1031
1029
1019
999
969
932
896
868
857
866
896
938
985
1026
1055
1070
1071
1062
1046
1026
1003
980
958
941
932
935
951
978
1009
1039
1060
1066
1059
1043
1027
1016
1013
1018
1025
1029
1024
1011
996
984
981
987
1000
1014
1025
1031
1034
1038
1047
1062
1078
1090
1089
1071
1036
986
931
881
845
828
835
861
902
950
996
1033
1057
1064
1055
1036
1010
983
963
953
957
973
996
1021
1042
1053
1051
1038
1016
991
967
951
941
940
946
957
968
976
976
970
958
943
932
932
944
968
1001
1037
1066
1082
1082
1065
1040
1010
984
965
953
943
931
912
887
864
849
849
868
902
941
976
999
1006
1003
994
990
995
1011
1034
1060
1084
1101
1108
1104
1087
1061
1028
994
965
947
940
943
950
956
959
959
960
967
980
1000
1018
1028
1026
1013
996
984
982
991
1006
1016
1012
989
949
904
866
850
859
893
938
983
1011
1016
995
954
905
858
823
806
809
830
861
896
928
950
961
960
951
939
928
920
915
913
914
920
932
952
980
1011
1041
1064
1075
1073
1061
1045
1031
1020
1010
1001
989
974
959
949
946
951
961
969
972
965
952
939
934
940
959
987
1013
1031
1032
1015
985
950
920
902
900
912
935
964
991
1014
1029
1037
1037
1033
1025
1013
1001
987
974
965
961
963
972
988
1008
1030
1049
1063
1071
1074
1073
1070
1068
1066
1064
1060
1053
1042
1032
1023
1018
1017
1015
1009
998
980
960
943
935
939
957
983
1010
1034
1049
1055
1052
1044
1034
1023
1012
1001
989
975
963
955
954
964
980
1001
1019
1027
1022
1004
975
946
922
909
908
918
935
954
973
989
1002
1010
1012
1009
1003
994
985
978
973
970
968
969
976
988
1008
1032
1054
1068
1068
1052
1024
988
956
934
928
938
958
982
1002
1013
1012
1002
989
979
978
989
1010
1034
1056
1068
1069
1062
1053
1046
1043
1043
1041
1031
1012
987
963
946
942
948
961
973
979
977
971
965
964
971
986
1004
1021
1033
1039
1040
1037
1031
1027
1027
1033
1043
1057
1069
1077
1076
1063
1040
1010
980
956
943
946
964
997
1039
1083
1118
1136
1131
1105
1063
1018
982
963
965
980
999
1011
1011
998
979
964
960
971
991
1015
1033
1040
1037
1029
1022
1021
1027
1036
1041
1035
1018
990
958
930
910
901
902
910
923
939
957
977
999
1020
1036
1047
1052
1052
1049
1047
1043
1039
1032
1018
1002
986
975
974
985
1002
1021
1034
1036
1029
1014
996
980
972
970
974
982
989
995
998
998
997
996
997
1002
1013
1026
1042
1056
1063
1061
1052
1037
1022
1008
998
991
984
976
965
952
939
928
923
926
939
960
988
1015
1034
1039
1029
1004
972
939
913
899
899
910
928
949
970
990
1006
1018
1022
1017
1005
989
975
964
960
964
972
984
996
1011
1029
1048
1066
1079
1084
1077
1062
1039
1015
992
972
956
943
930
917
906
898
897
904
917
939
966
995
1023
1046
1059
1060
1048
1023
993
961
934
915
907
910
922
944
969
994
1017
1034
1044
1045
1038
1022
1001
974
945
918
896
884
885
903
934
975
1016
1047
1059
1050
1022
985
953
937
945
973
1013
1052
1076
1079
1061
1028
989
954
926
907
895
890
891
897
909
923
936
945
948
944
936
929
925
930
943
966
997
1034
1070
1098
1112
1110
1092
1065
1036
1014
1004
1006
1015
1026
1031
1031
1023
1012
1001
993
992
997
1009
1026
1046
1063
1074
1075
1063
1043
1018
996
983
982
994
1013
1032
1043
1040
1023
994
962
936
925
930
950
980
1008
1025
1027
1013
989
965
948
942
950
964
979
987
985
974
960
949
946
953
969
987
1000
1007
1004
992
978
963
952
948
951
962
978
997
1014
1026
1031
1026
1015
1000
983
966
950
931
910
887
865
850
847
859
884
916
945
964
970
965
957
952
956
970
990
1013
1031
1041
1041
1033
1019
998
975
951
931
920
921
935
961
991
1020
1040
1047
1043
1035
1028
1028
1035
1049
1061
1069
1067
1055
1036
1014
994
980
973
971
972
973
972
970
969
970
973
978
981
979
971
958
942
931
929
938
959
986
1015
1040
1058
1066
1068
1066
1060
1052
1041
1027
1010
993
977
965
958
958
967
983
1004
1026
1043
1050
1043
1023
990
951
915
884
866
860
866
884
912
948
993
1041
1087
1122
1140
1132
1101
1050
992
939
901
886
891
909
930
946
953
953
953
959
978
1007
1042
1074
1094
1099
1088
1067
1043
1020
1003
987
974
960
947
938
936
944
961
985
1010
1029
1039
1036
1022
1000
974
949
926
910
901
900
906
920
937
956
973
988
999
1008
1016
1024
1031
1036
1036
1028
1012
991
967
948
937
938
947
964
980
993
999
1002
1005
1012
1027
1048
1071
1090
1100
1097
1079
1051
1017
984
955
936
927
928
936
946
955
960
958
951
941
931
926
930
944
966
989
1007
1013
1006
988
968
954
953
965
988
1012
1026
1024
1004
972
938
911
899
903
919
942
966
987
1002
1011
1014
1012
1006
998
994
994
1002
1016
1032
1047
1055
1054
1043
1027
1008
988
972
961
959
967
985
1009
1033
1048
1049
1032
1001
967
943
939
960
999
1045
1084
1105
1102
1079
1046
1013
991
985
992
1005
1018
1022
1014
994
966
938
916
907
909
923
942
963
982
995
1004
1011
1015
1016
1012
1000
980
953
921
891
869
857
860
876
901
930
957
977
989
993
991
987
985
988
996
1007
1021
1032
1037
1035
1024
1006
985
965
952
952
968
996
1028
1055
1067
1057
1027
986
946
917
907
916
936
959
976
983
982
975
966
959
957
959
968
986
1011
1041
1068
1084
1080
1055
1013
967
931
918
933
971
1019
1063
1092
1098
1087
1065
1044
1028
1020
1016
1009
997
977
956
938
929
932
945
961
975
980
975
964
951
943
944
959
986
1021
1058
1089
1112
1123
1124
1117
1106
1092
1076
1056
1031
1001
971
943
926
922
931
947
965
975
975
965
947
928
911
898
890
885
885
889
898
910
925
940
951
957
958
956
954
957
966
982
1006
1031
1054
1069
1072
1061
1040
1013
989
976
975
987
1005
1021
1028
1024
1007
984
963
950
953
970
997
1026
1050
1060
1054
1038
1015
996
987
990
1001
1014
1023
1023
1013
995
974
954
936
923
912
906
902
903
910
920
933
945
955
963
973
986
1006
1032
1058
1077
1083
1073
1050
1020
991
968
954
948
945
942
938
933
931
931
932
933
929
922
914
912
922
945
980
1018
1051
1068
1066
1045
1011
973
939
916
907
913
930
957
986
1013
1034
1043
1041
1026
1003
975
949
932
927
938
961
988
1014
1029
1034
1029
1019
1012
1011
1017
1024
1029
1026
1016
1003
991
985
985
989
993
996
995
996
1001
1013
1030
1047
1056
1053
1035
1007
974
944
918
901
892
890
895
909
935
970
1012
1052
1084
1101
1103
1090
1070
1049
1031
1020
1015
1013
1011
1005
998
987
977
968
963
965
974
990
1011
1034
1055
1071
1079
1079
1070
1057
1041
1027
1014
1004
996
991
987
983
981
979
981
986
995
1009
1027
1046
1063
1078
1086
1088
1083
1072
1056
1037
1017
996
976
957
940
925
915
911
916
928
947
971
996
1017
1033
1040
1039
1030
1015
1000
989
985
990
1002
1017
1029
1035
1031
1020
1007
997
996
1004
1019
1036
1049
1054
1049
1036
1017
996
978
965
960
962
968
973
971
960
940
919
906
911
936
980
1031
1074
1097
1093
1065
1021
975
939
921
924
943
971
999
1022
1036
1041
1039
1033
1025
1018
1011
1008
1009
1015
1023
1033
1038
1034
1021
996
966
934
907
890
886
893
910
937
968
1000
1030
1052
1063
1060
1044
1017
983
949
919
895
883
883
897
925
963
1008
1052
1088
1109
1114
1103
1083
1061
1041
1027
1022
1024
1029
1038
1046
1054
1063
1073
1082
1090
1092
1085
1069
1043
1013
984
965
959
965
980
995
1006
1008
1000
984
965
944
926
913
905
906
917
940
972
1010
1045
1073
1087
1085
1066
1036
997
957
921
894
881
885
905
935
968
997
1014
1016
1003
979
950
922
902
892
896
911
937
969
1000
1026
1042
1045
1037
1018
993
967
945
931
930
942
967
1000
1035
1063
1081
1087
1083
1073
1060
1046
1033
1019
1003
988
976
971
977
992
1012
1029
1039
1038
1026
1011
996
987
986
991
998
1005
1011
1016
1024
1032
1040
1043
1037
1021
997
973
955
950
960
983
1011
1037
1055
1061
1057
1044
1027
1008