2154
2170
2178
2178
2183
2188
2191
2195
2199
2202
2208
2209
2212
2218
2220
2225
2229
2232
2235
2240
2243
2248
2249
2253
2258
2260
2264
2267
2272
2274
2278
2281
2283
2285
2290
2293
2297
2299
2303
2307
2310
2313
2315
2320
2321
2324
2325
2326
2332
2334
2339
2341
2343
2346
2349
2354
2356
2358
2360
2361
2365
2368
2372
2373
2375
2378
2381
2380
2385
2387
2389
2390
2394
2396
2397
2389
2401
2404
2405
2407
2410
2411
2414
2416
2419
2419
2421
2425
2425
2427
2427
2429
2430
2431
2433
2436
2437
2439
2441
2443
2443
2444
2447
2446
2451
2449
2450
2450
2453
2454
2454
2455
2450
2457
2458
2459
2460
2460
2461
2461
2464
2464
2463
2466
2466
2466
2467
2467
2467
2469
2469
2469
2469
2469
2469
2471
2469
2470
2471
2471
2469
2469
2471
2466
2471
2470
2469
2471
2471
2469
2469
2468
2469
2468
2467
2469
2466
2467
2466
2467
2466
2465
2467
2464
2462
2462
2461
2461
2460
2459
2457
2456
2456
2458
2456
2453
2457
2447
2450
2449
2447
2445
2445
2443
2443
2441
2441
2439
2437
2435
2433
2431
2429
2431
2427
2427
2423
2422
2420
2417
2416
2415
2415
2410
2410
2407
2403
2401
2402
2399
2397
2394
2391
2390
2388
2383
2384
2381
2379
2378
2375
2373
2370
2365
2364
2362
2359
2357
2351
2351
2349
2345
2344
2341
2338
2335
2332
2329
2326
2323
2320
2317
2315
2312
2304
2304
2303
2297
2296
2290
2289
2286
2283
2279
2273
2272
2272
2265
2261
2258
2255
2251
2249
2245
2242
2238
2236
2232
2228
2224
2220
2215
2212
2204
2198
2200
2196
2193
2188
2186
2182
2177
2175
2169
2165
2165
2157
2153
2150
2147
2142
2136
2133
2128
2125
2122
2115
2111
2109
2105
2101
2094
2088
2086
2081
2076
2073
2068
2064
2059
2053
2051
2046
2041
2034
2032
2028
2023
2017
2013
2010
2004
2000
1996
1992
1986
1983
1978
1972
1967
1963
1960
1953
1949
1943
1939
1933
1927
1923
1918
1916
1910
1905
1899
1893
1890
1886
1879
1874
1869
1866
1860
1855
1850
1845
1839
1836
1829
1827
1822
1820
1811
1805
1799
1795
1790
1784
1779
1773
1770
1765
1759
1756
1748
1743
1739
1735
1730
1725
1719
1714
1708
1705
1701
1694
1687
1683
1678
1672
1665
1662
1658
1651
1646
1642
1635
1631
1626
1621
1616
1611
1606
1599
1595
1590
1585
1580
1576
1569
1564
1560
1555
1550
1540
1538
1534
1529
1523
1519
1514
1508
1504
1498
1492
1489
1484
1477
1474
1469
1465
1459
1457
1449
1443
1437
1433
1429
1423
1419
1413
1408
1404
1401
1395
1389
1385
1381
1375
1368
1364
1359
1357
1350
1346
1340
1335
1330
1327
1323
1319
1313
1309
1303
1299
1294
1289
1285
1281
1275
1271
1266
1268
1258
1254
1248
1244
1240
1236
1232
1227
1222
1219
1212
1207
1204
1201
1195
1189
1188
1183
1180
1175
1169
1167
1163
1157
1153
1150
1147
1142
1147
1133
1130
1126
1122
1119
1114
1112
1106
1102
1100
1096
1095
1088
1084
1082
1077
1074
1071
1066
1062
1057
1056
1051
1049
1047
1041
1037
1036
1037
1029
1025
1022
1018
1015
1011
1008
1005
1001
1000
996
1008
990
987
983
982
977
974
971
969
968
965
960
960
957
954
949
947
947
942
940
938
935
933
932
925
925
923
920
918
917
913
911
908
907
906
904
901
896
895
895
892
890
890
888
886
885
880
881
883
877
876
872
873
873
869
867
866
865
864
861
861
860
859
857
855
858
853
852
851
851
851
848
846
846
845
838
843
842
847
843
841
842
842
840
839
838
838
839
837
836
835
836
833
835
836
835
836
834
834
835
835
840
835
835
834
835
835
834
835
836
835
836
837
833
837
837
839
839
839
838
840
842
841
842
841
851
844
845
845
847
848
849
849
849
852
854
855
855
855
857
858
858
861
862
863
865
867
870
869
863
873
873
877
877
879
880
882
883
885
886
890
892
893
895
899
900
903
903
907
907
909
911
914
919
918
920
923
926
929
931
934
935
940
941
942
946
948
951
952
956
960
961
964
963
971
974
976
979
980
985
987
991
995
996
999
1004
1006
1009
1014
1022
1019
1022
1025
1030
1026
1036
1040
1042
1044
1049
1052
1056
1059
1064
1066
1072
1074
1078
1082
1086
1088
1093
1096
1100
1104
1106
1111
1115
1121
1123
1127
1133
1136
1142
1143
1146
1150
1157
1160
1163
1168
1171
1176
1179
1183
1193
1193
1198
1201
1206
1211
1214
1219
1224
1227
1233
1236
1240
1247
1250
1253
1258
1263
1269
1273
1276
1281
1285
1291
1295
1300
1305
1311
1314
1320
1325
1331
1333
1338
1343
1348
1352
1357
1360
1366
1371
1374
1379
1385
1391
1396
1399
1403
1410
1415
1420
1425
1431
1435
1441
1444
1443
1455
1461
1464
1469
1474
1479
1485
1490
1495
1501
1504
1510
1516
1517
1526
1529
1535
1541
1546
1550
1557
1561
1566
1570
1577
1584
1587
1593
1596
1601
1607
1613
1618
1621
1628
1633
1637
1641
1648
1654
1660
1665
1667
1673
1679
1684
1690
1695
1700
1704
1708
1715
1721
1726
1729
1735
1741
1747
1750
1757
1762
1765
1770
1776
1782
1787
1791
1796
1802
1805
1812
1828
1822
1826
1831
1837
1841
1848
1852
1857
1861
1867
1873
1874
1881
1886
1891
1895
1899
1905
1910
1917
1919
1926
1929
1936
1939
1943
1949
1956
1963
1963
1968
1972
1978
1985
1982
1992
1996
2001
2006
2011
2012
2021
2024
2028
2034
2038
2042
2047
2051
2055
2062
2065
2065
2075
2079
2083
2087
2092
2096
2102
2088
2108
2113
2118
2118
2124
2131
2134
2138
2142
2146
2150
2154
2158
2162
2167
2170
2174
2178
2183
2188
2191
2194
2196
2201
2207
2210
2212
2233
2222
2222
2227
2232
2236
2240
2244
2246
2250
2255
2257
2261
2264
2267
2270
2273
2277
2281
2283
2285
2289
2296
2297
2278
2304
2306
2309
2314
2317
2319
2321
2325
2328
2331
2333
2335
2338
2340
2343
2347
2352
2351
2354
2358
2361
2363
2365
2367
2371
2373
2375
2378
2379
2381
2384
2386
2390
2392
2392
2396
2396
2400
2402
2404
2409
2406
2409
2409
2412
2416
2417
2419
2421
2425
2424
2427
2426
2431
2429
2432
2434
2435
2437
2439
2440
2441
2443
2445
2453
2446
2447
2449
2451
2452
2453
2454
2456
2457
2457
2459
2459
2459
2460
2461
2461
2462
2463
2463
2464
2465
2467
2468
2467
2468
2466
2468
2466
2470
2468
2468
2468
2471
2471
2469
2474
2469
2470
2471
2479
2472
2471
2471
2470
2469
2470
2470
2469
2468
2467
2469
2467
2468
2467
2468
2466
2466
2466
2466
2464
2463
2462
2462
2461
2460
2463
2458
2457
2458
2456
2455
2454
2453
2453
2452
2451
2450
2447
2446
2445
2444
2443
2439
2459
2437
2437
2435
2434
2435
2432
2429
2426
2429
2426
2422
2421
2418
2416
2415
2413
2413
2409
2406
2404
2403
2402
2399
2392
2395
2392
2392
2388
2384
2383
2381
2379
2377
2375
2371
2370
2368
2364
2362
2360
2358
2353
2351
2350
2347
2343
2341
2337
2335
2332
2329
2329
2325
2320
2316
2312
2312
2309
2306
2301
2297
2298
2294
2289
2290
2282
2278
2274
2274
2270
2265
2262
2258
2256
2254
2250
2250
2239
2238
2235
2229
2228
2224
2219
2215
2211
2208
2206
2209
2196
2193
2190
2185
2184
2178
2173
2170
2162
2161
2157
2169
2149
2144
2140
2136
2133
2128
2123
2119
2118
2113
2108
2114
2099
2093
2090
2087
2080
2076
2072
2068
2064
2061
2057
2068
2046
2042
2038
2033
2027
2023
2018
2012
2008
2005
2000
1996
1991
1987
1983
1977
1973
1967
1961
1957
1952
1948
1943
1957
1935
1929
1923
1919
1915
1908
1903
1900
1895
1893
1884
1879
1874
1870
1865
1861
1858
1851
1846
1841
1836
1831
1824
1827
1816
1811
1805
1801
1793
1791
1785
1780
1773
1769
1762
1759
1753
1749
1744
1740
1735
1728
1724
1717
1713
1709
1703
1691
1691
1687
1683
1679
1672
1666
1661
1656
1652
1648
1640
1637
1629
1625
1619
1616
1613
1605
1600
1595
1590
1585
1579
1575
1570
1565
1558
1554
1548
1544
1538
1534
1530
1524
1517
1505
1507
1504
1498
1492
1495
1482
1482
1474
1469
1465
1457
1453
1447
1443
1440
1433
1429
1423
1419
1415
1409
1404
1399
1395
1387
1385
1379
1376
1377
1362
1359
1356
1346
1347
1341
1336
1331
1327
1323
1319
1310
1308
1303
1299
1294
1291
1285
1280
1276
1271
1266
1260
1270
1253
1248
1243
1239
1235
1231
1225
1223
1220
1216
1209
1206
1198
1197
1190
1188
1184
1178
1175
1170
1169
1165
1159
1154
1147
1147
1144
1139
1134
1129
1126
1123
1118
1114
1110
1114
1101
1099
1095
1093
1090
1083
1082
1077
1074
1070
1066
1062
1060
1056
1061
1048
1046
1041
1035
1034
1029
1029
1025
1019
1020
1016
1012
1008
1005
1003
998
996
992
990
988
984
980
978
977
974
970
967
965
962
959
956
953
949
947
945
944
940
935
935
933
931
928
926
922
921
917
915
914
913
908
905
904
902
902
899
897
895
892
891
889
887
893
883
883
879
878
877
876
873
872
870
869
867
863
865
863
861
859
859
857
857
855
852
852
851
856
849
849
848
847
847
845
844
843
843
843
842
839
837
840
840
839
839
837
836
836
837
837
836
839
835
834
834
834
837
834
832
833
835
835
834
833
833
836
835
835
836
837
837
836
835
840
837
838
837
839
840
840
840
842
842
843
844
845
846
846
847
846
849
848
850
850
851
854
853
856
857
845
861
862
862
865
865
867
867
869
872
872
873
874
876
879
873
882
885
885
889
889
892
894
896
894
899
901
903
905
901
908
911
915
916
919
922
924
926
930
931
933
935
937
940
942
945
948
952
954
956
963
962
966
971
971
973
976
980
981
984
987
990
994
996
999
998
1004
1009
1014
1017
1020
1022
1025
1028
1033
1036
1039
1048
1046
1048
1051
1056
1061
1065
1067
1070
1075
1079
1082
1083
1091
1093
1099
1098
1103
1106
1111
1114
1119
1124
1128
1137
1135
1140
1144
1147
1151
1155
1160
1163
1167
1171
1174
1177
1184
1190
1192
1198
1203
1206
1211
1215
1219
1224
1226
1234
1236
1240
1248
1250
1254
1258
1262
1267
1272
1279
1283
1286
1290
1295
1302
1304
1310
1314
1318
1323
1328
1334
1339
1342
1346
1349
1357
1357
1367
1371
1376
1381
1385
1389
1396
1399
1405
1409
1414
1421
1424
1429
1435
1441
1445
1444
1456
1446
1465
1470
1475
1480
1485
1485
1494
1500
1506
1510
1514
1520
1525
1533
1535
1539
1544
1549
1556
1560
1566
1572
1575
1584
1586
1592
1597
1604
1605
1611
1617
1622
1628
1632
1636
1643
1647
1654
1659
1665
1669
1672
1679
1684
1689
1695
1699
1706
1709
1716
1721
1726
1729
1735
1739
1744
1750
1757
1763
1766
1772
1776
1782
1787
1790
1796
1801
1807
1811
1816
1821
1826
1831
1835
1842
1847
1846
1856
1865
1867
1871
1874
1882
1886
1892
1895
1901
1906
1919
1915
1922
1925
1931
1935
1940
1944
1950
1954
1959
1964
1966
1973
1978
1983
1986
1991
1997
2000
2005
2010
2016
2020
2022
2028
2034
2037
2042
2047
2051
2054
2060
2066
2070
2074
2088
2083
2089
2091
2096
2100
2106
2109
2113
2117
2121
2125
2128
2134
2138
2145
2145
2151
2154
2159
2162
2166
2171
2176
2184
2181
2185
2190
2195
2199
2201
2205
2210
2213
2218
2220
2226
2228
2232
2233
2240
2246
2246
2249
2252
2258
2261
2262
2261
2271
2273
2276
2280
2283
2287
2290
2294
2296
2301
2303
2305
2309
2312
2315
2318
2322
2325
2328
2330