1424
1425
1438
1450
1459
1467
1473
1477
1479
1479
1477
1473
1467
1460
1450
1439
1426
1411
1395
1377
1357
1336
1313
1289
1264
1238
1211
1184
1155
1126
1096
1066
1035
1005
974
943
913
882
853
823
794
767
740
713
689
665
642
621
602
584
568
553
540
528
519
511
505
502
500
500
502
505
511
519
528
539
553
567
584
602
621
643
665
689
714
740
767
795
824
853
883
913
943
974
1004
1035
1065
1095
1125
1154
1183
1211
1238
1264
1289
1313
1336
1357
1376
1394
1411
1425
1438
1450
1459
1467
1473
1477
1479
1479
1477
1473
1467
1460
1450
1438
1425
1410
1394
1376
1356
1335
1313
1289
1264
1238
1211
1183
1155
1126
1096
1066
1035
1004
974
943
912
882
852
823
794
767
740
714
689
666
643
622
602
583
566
551
538
527
518
510
505
502
500
500
502
506
512
519
528
540
553
567
584
602
621
643
665
689
714
740
767
795
824
853
883
913
943
974
1005
1035
1066
1096
1126
1155
1184
1212
1239
1265
1290
1313
1336
1357
1376
1394
1411
1426
1439
1450
1460
1467
1473
1477
1479
1479
1477
1473
1467
1459
1450
1439
1426
1411
1395
1377
1357
1336
1313
1290
1265
1239
1212
1184
1155
1126
1096
1066
1035
1004
974
943
912
882
852
823
795
767
740
714
689
666
643
622
602
584
567
553
539
528
519
511
505
502
500
500
502
506
511
519
528
540
553
567
584
602
622
643
665
689
714
740
767
795
823
853
883
913
943
974
1005
1036
1066
1096
1126
1155
1184
1211
1238
1264
1290
1313
1336
1357
1377
1395
1411
1426
1439
1450
1460
1467
1473
1477
1479
1479
1477
1473
1467
1460
1450
1439
1426
1411
1394
1376
1357
1336
1314
1290
1265
1239
1212
1184
1155
1125
1096
1065
1035
1004
973
943
912
882
852
823
795
767
740
714
689
665
643
622
603
585
568
554
540
529
519
511
505
501
499
499
501
505
510
518
528
539
553
568
585
603
623
644
666
690
714
740
767
795
824
853
882
913
943
974
1005
1036
1066
1097
1126
1156
1184
1212
1238
1264
1289
1313
1335
1356
1376
1394
1411
1426
1439
1451
1460
1468
1473
1477
1479
1478
1476
1472
1467
1459
1450
1439
1426
1411
1395
1377
1357
1336
1313
1289
1264
1238
1211
1184
1155
1126
1096
1066
1035
1004
973
943
912
882
852
823
795
767
740
715
690
666
644
623
603
584
568
553
540
529
519
511
505
501
499
499
501
505
510
518
528
539
553
568
584
603
622
643
666
689
714
740
767
794
823
852
882
913
944
974
1005
1036
1067
1097
1127
1156
1184
1212
1239
1265
1290
1314
1337
1358
1377
1395
1412
1426
1439
1450
1460
1467
1473
1477
1479
1479
1477
1473
1467
1460
1450
1439
1426
1411
1394
1376
1356
1335
1313
1289
1264
1239
1212
1184
1155
1126
1096
1066
1036
1005
974
944
913
883
853
824
795
767
740
714
689
666
643
622
602
584
568
553
540
528
519
511
505
502
500
500
502
506
512
519
529
540
553
568
584
602
622
643
666
689
714
740
767
795
823
852
882
913
943
974
1005
1036
1066
1096
1126
1156
1185
1213
1240
1267
1292
1315
1338
1358
1377
1395
1411
1426
1439
1450
1459
1467
1473
1477
1479
1479
1477
1473
1467
1460
1450
1439
1427
1412
1396
1377
1358
1336
1313
1289
1264
1239
1212
1184
1155
1126
1096
1066
1035
1004
974
943
913
882
853
824
795
767
740
714
689
665
643
622
602
584
567
553
540
529
519
512
506
502
500
500
501
505
511
519
529
540
553
568
585
603
622
643
666
690
714
740
767
795
823
853
882
913
943
974
1005
1036
1066
1096
1126
1155
1184
1212
1239
1265
1289
1313
1335
1356
1376
1394
1411
1426
1439
1450
1460
1468
1473
1477
1479
1479
1477
1473
1467
1459
1449
1438
1425
1410
1394
1376
1357
1336
1313
1289
1264
1238
1211
1183
1155
1126
1096
1066
1036
1005
974
943
913
883
853
823
795
767
740
713
688
664
642
621
601
583
567
553
540
529
519
512
506
502
500
500
502
505
511
519
528
540
553
568
584
603
623
644
666
690
715
740
767
795
823
852
882
913
943
974
1005
1036
1067
1097
1126
1156
1184
1212
1239
1265
1290
1314
1336
1357
1377
1395
1411
1426
1439
1450
1460
1467
1473
1477
1479
1479
1477
1473
1467
1460
1450
1439
1426
1411
1394
1376
1357
1336
1314
1290
1265
1239
1211
1183
1154
1125
1095
1065
1035
1005
974
944
914
884
854
824
795
767
740
714
689
665
643
622
602
584
568
553
540
529
519
512
506
502
500
500
502
506
511
519
528
539
553
568
584
602
622
643
666
689
714
740
767
795
823
852
882
913
943
974
1005
1036
1066
1097
1126
1156
1184
1212
1239
1265
1289
1313
1335
1357
1376
1395
1411
1426
1439
1451
1460
1468
1473
1477
1479
1479
1477
1473
1467
1459
1450
1439
1426
1411
1395
1377
1357
1336
1313
1289
1264
1238
1211
1183
1155
1126
1096
1065
1034
1004
973
942
912
882
853
824
795
767
740
714
689
665
643
621
601
583
566
552
539
528
519
511
505
502
500
500
501
505
511
519
529
540
553
568
584
602
622
643
665
689
714
740
767
795
824
853
883
913
944
974
1005
1036
1066
1096
1126
1156
1184
1213
1240
1266
1291
1314
1337
1357
1377
1394
1411
1425
1438
1450
1460
1467
1473
1478
1480
1480
1478
1474
1468
1460
1450
1439
1426
1411
1394
1376
1357
1336
1313
1289
1264
1238
1211
1183
1154
1125
1096
1066
1036
1005
974
943
913
882
853
823
794
767
740
714
689
666
644
623
603
585
569
554
540
529
519
511
506
502
499
499
501
504
510
518
527
539
553
568
584
603
622
643
666
690
715
740
767
795
823
852
882
913
944
975
1006
1037
1067
1097
1127
1156
1184
1211
1238
1264
1289
1313
1335
1356
1376
1394
1411
1426
1439
1450
1460
1467
1473
1477
1479
1478
1477
1473
1467
1459
1449
1437
1424
1409
1393
1375
1356
1335
1313
1289
1264
1238
1211
1183
1155
1125
1095
1065
1035
1004
973
943
912
882
853
824
795
767
740
714
689
665
643
622
602
584
567
553
540
528
519
511
505
501
500
500
502
506
511
519
529
540
553
568
584
602
622
643
665
689
714
740
767
795
824
853
883
913
943
974
1004
1035
1066
1096
1126
1155
1184
1212
1239
1265
1290
1313
1335
1356
1376
1394
1411
1425
1439
1450
1460
1468
1474
1477
1479
1479
1477
1473
1467
1459
1450
1438
1425
1411
1394
1376
1357
1336
1313
1290
1265
1239
1212
1184
1155
1126
1096
1065
1035
1004
973
943
913
883
853
824
795
767
740
714
689
665
643
622
602
584
567
552
539
528
518
511
505
502
500
500
502
506
511
519
528
540
552
567
583
601
621
642
665
689
714
740
767
795
824
853
883
913
944
975
1005
1036
1066
1096
1126
1155
1183
1211
1238
1263
1288
1312
1335
1356
1376
1394
1410
1425
1438
1450
1459
1467
1473
1478
1480
1479
1477
1473
1467
1459
1449
1438
1425
1411
1394
1376
1357
1335
1313
1289
1264
1238
1211
1182
1154
1124
1094
1064
1034
1003
973
942
912
882
852
823
794
766
739
713
689
665
643
622
602
584
567
552
538
527
517
509
504
500
499
499
502
506
512
520
529
540
554
568
585
603
622
643
665
689
714
740
767
795
824
853
883
913
943
974
1005
1035
1066
1096
1126
1155
1184
1212
1239
1265
1290
1313
1336
1357
1377
1394
1411
1426
1439
1450
1459
1467
1473
1477
1479
1479
1477
1473
1467
1460
1450
1439
1426
1411
1394
1376
1356
1335
1313
1289
1264
1238
1211
1183
1155
1126
1096
1066
1035
1005
974
943
912
882
852
823
794
767
740
714
689
666
643
622
603
585
568
553
540
528
518
511
505
501
499
499
501
505
511
519
529
540
553
568
585
603
622
643
666
689
714
740
767
795
823
853
883
913
944
975
1006
1037
1067
1097
1126
1155
1183
1211
1238
1264
1289
1313
1336
1357
1376
1395
1411
1426
1439
1450
1460
1467
1473
1476
1478
1478
1477
1473
1467
1460
1450
1439
1426
1411
1394
1376
1356
1335
1313
1289
1264
1238
1211
1183
1154
1125
1095
1065
1035
1004
974
943
912
882
852
823
794
766
739
713
689
665
643
622
602
584
567
553
540
528
519
511
505
501
499
499
501
505
511
519
529
540
553
568
584
602
622
644
667
691
716
742
769
796
824
853
882
912
943
973
1004
1035
1066
1096
1126
1155
1184
1211
1238
1264
1289
1313
1336
1358
1377
1396
1412
1427
1439
1450
1459
1467
1472
1476
1478
1478
1476
1472
1467
1460
1450
1439
1426
1411
1394
1376
1356
1335
1312
1288
1264
1238
1211
1184
1155
1126
1096
1066
1035
1004
973
942
912
882
852
823
795
767
739
713
688
664
641
620
601
583
567
553
540
529
519
511
506
502
500
500
501
505
511
519
528
539
553
568
584
602
622
643
666
690
715
741
768
795
824
853
883
913
943
974
1005
1035
1066
1096
1126
1155
1184
1212
1239
1265
1290
1313
1335
1356
1376
1394
1410
1425
1438
1450
1459
1467
1473
1477
1479
1479
1477
1473
1467
1460
1450
1439
1426
1411
1394
1376
1356
1335
1312
1289
1264
1238
1211
1184
1155
1126
1096
1066
1035
1004
973
943
912
882
852
823
795
767
740
714
689
665
643
622
602
583
567
552
539
528
518
511
505
501
500
500
502
506
511
519
528
539
553
568
585
603
623
644
666
690
714
740
767
795
824
853
883
913
944
975
1005
1036
1066
1096
1126
1155
1184
1212
1239
1265
1290
1313
1335
1356
1376
1394
1411
1426
1439
1450
1460
1467
1473
1477
1478
1478
1476
1473
1467
1459
1450
1439
1426
1411
1394
1376
1357
1336
1313
1290
1265
1238
1211
1183
1155
1125
1095
1065
1034
1004
973
942
912
882
852
823
795
768
741
715
691
667
644
622
602
584
567
553
540
528
519
511
505
502
500
499
501
505
511
519
529
541
555
570
587
605
624
645
667
690
714
740
767
795
823
853
882
912
943
974
1005
1036
1066
1097
1126
1155
1184
1211
1238
1264
1289
1313
1335
1357
1376
1395
1411
1426
1439
1451
1460
1468
1473
1477
1479
1479
1477
1472
1466
1459
1449
1437
1424
1410
1394
1376
1357
1336
1314
1290
1265
1238
1211
1183
1154
1125
1095
1065
1035
1004
974
943
913
883
853
824
795
767
740
714
689
665
643
622
602
584
567
553
539
528
519
511
506
502
500
500
502
506
512
519
528
540
553
567
584
602
622
643
665
689
714
740
767
795
823
853
883
913
944
974
1005
1036
1066
1097
1126
1156
1184
1212
1239
1265
1290
1313
1336
1357
1376
1394
1411
1426
1439
1450
1460
1468
1474
1477
1479
1479
1477
1473
1467
1459
1450
1439
1426
1411
1395
1377
1357
1336
1313
1290
1265
1238
1211
1183
1154
1125
1095
1065
1035
1004
974
943
913
883
853
824
796
768
741
715
689
666
643
622