887
888
914
938
963
993
1026
1060
1097
1135
1177
1219
1261
1309
1355
1404
1452
1503
1554
1605
1655
1712
1760
1809
1861
1909
1959
2004
2050
2097
2138
2179
2217
2251
2285
2317
2347
2372
2395
2415
2434
2447
2460
2467
2471
2473
2471
2465
2457
2443
2429
2412
2391
2369
2344
2312
2282
2249
2211
2173
2132
2090
2046
1997
1952
1903
1853
1803
1751
1701
1649
1599
1547
1495
1445
1395
1349
1302
1255
1212
1171
1129
1090
1056
1019
989
960
934
912
890
873
859
848
841
837
835
838
843
850
862
877
895
915
938
964
992
1023
1057
1095
1135
1174
1218
1261
1309
1355
1404
1455
1504
1554
1603
1651
1710
1759
1811
1861
1909
1957
2006
2051
2096
2137
2177
2216
2254
2287
2319
2345
2372
2395
2414
2433
2447
2458
2464
2468
2471
2469
2465
2453
2445
2432
2413
2391
2368
2341
2312
2283
2248
2209
2171
2134
2089
2044
1997
1951
1903
1853
1804
1753
1700
1648
1599
1545
1495
1446
1397
1348
1301
1256
1211
1170
1131
1090
1056
1005
990
961
934
911
891
874
858
848
842
837
835
836
842
850
861
877
896
915
937
964
992
1024
1059
1076
1134
1173
1217
1263
1309
1359
1404
1453
1503
1557
1607
1657
1707
1759
1807
1860
1911
1957
2006
2050
2096
2138
2179
2218
2253
2286
2318
2347
2372
2395
2415
2432
2447
2459
2465
2469
2472
2469
2465
2457
2445
2429
2413
2392
2369
2344
2314
2281
2249
2211
2172
2132
2085
2044
1997
1951
1903
1854
1804
1752
1701
1650
1601
1547
1498
1444
1395
1349
1299
1257
1210
1170
1129
1092
1055
1022
986
961
934
912
892
874
859
849
841
836
835
836
839
849
862
876
894
915
938
965
994
1026
1060
1096
1133
1174
1219
1261
1307
1356
1403
1452
1502
1555
1604
1657
1718
1759
1810
1863
1909
1958
2004
2050
2094
2136
2177
2216
2248
2285
2317
2347
2373
2399
2417
2433
2447
2458
2465
2471
2474
2469
2465
2456
2444
2430
2413
2393
2368
2342
2313
2281
2253
2219
2173
2132
2089
2046
1997
1952
1902
1852
1803
1750
1699
1649
1597
1548
1496
1447
1396
1349
1301
1256
1212
1169
1144
1090
1053
1020
988
961
934
911
891
874
859
848
839
836
834
837
841
849
861
877
894
912
937
964
986
1025
1060
1095
1134
1176
1217
1263
1308
1355
1403
1453
1503
1555
1605
1657
1708
1760
1811
1861
1910
1959
2003
2051
2095
2136
2179
2216
2249
2285
2317
2346
2373
2395
2419
2432
2446
2458
2467
2471
2471
2467
2464
2456
2445
2431
2413
2391
2368
2341
2312
2281
2247
2212
2172
2131
2088
2044
1999
1953
1903
1854
1803
1752
1701
1650
1599
1547
1496
1447
1397
1350
1303
1254
1213
1168
1128
1089
1054
1019
988
959
933
910
889
874
859
848
841
835
835
836
842
848
860
875
895
914
939
963
994
1026
1059
1096
1135
1176
1217
1261
1307
1353
1405
1453
1504
1554
1605
1655
1708
1759
1810
1860
1910
1957
2004
2050
2093
2136
2177
2216
2251
2285
2317
2347
2372
2395
2416
2431
2445
2458
2467
2471
2470
2469
2464
2456
2444
2430
2413
2391
2368
2343
2312
2281
2247
2209
2172
2131
2088
2043
1998
1955
1900
1853
1803
1753
1701
1649
1599
1548
1497
1446
1396
1348
1300
1252
1211
1169
1127
1090
1055
1020
988
962
933
911
888
873
858
848
843
836
835
837
843
849
861
875
893
915
938
963
997
1025
1060
1096
1135
1176
1217
1261
1308
1355
1403
1453
1503
1553
1605
1657
1702
1760
1810
1861
1910
1957
2004
2050
2093
2136
2178
2216
2252
2287
2318
2346
2373
2395
2416
2433
2441
2457
2465
2470
2472
2470
2466
2457
2447
2431
2413
2394
2365
2343
2315
2282
2247
2213
2172
2130
2089
2044
1997
1951
1915
1853
1804
1753
1701
1651
1599
1546
1495
1447
1397
1349
1299
1254
1210
1169
1129
1091
1055
1021
989
961
935
911
875
873
860
849
841
837
835
836
840
850
862
876
894
916
939
965
993
1027
1059
1095
1134
1175
1218
1264
1323
1355
1403
1454
1504
1552
1607
1658
1708
1760
1809
1860
1910
1958
2004
2051
2095
2139
2179
2217
2251
2288
2318
2347
2373
2395
2415
2433
2445
2459
2465
2471
2471
2469
2464
2457
2444
2433
2413
2393
2369
2340
2313
2281
2246
2211
2171
2132
2088
2046
1996
1949
1903
1855
1803
1751
1701
1649
1599
1546
1496
1441
1396
1349
1302
1256
1211
1169
1127
1090
1053
1019
989
961
935
911
890
872
859
849
841
836
836
836
842
849
861
876
891
914
937
964
994
1026
1057
1097
1133
1175
1218
1262
1309
1355
1401
1453
1503
1553
1605
1655
1707
1759
1809
1859
1910
1959
2004
2050
2094
2136
2177
2218
2251
2285
2317
2341
2370
2396
2415
2432
2445
2456
2466
2470
2471
2470
2466
2463
2445
2429
2412
2391
2369
2341
2312
2281
2249
2211
2173
2131
2089
2043
1996
1954
1899
1851
1802
1750
1700
1649
1599
1547
1495
1445
1395
1349
1303
1254
1211
1169
1129
1091
1054
1020
988
961
934
910
890
872
860
848
841
837
836
837
842
851
862
876
893
913
937
964
993
1025
1059
1095
1133
1175
1219
1263
1308
1354
1404
1453
1504
1555
1605
1655
1710
1760
1810
1860
1910
1957
2004
2052
2095
2137
2179
2217
2252
2285
2317
2345
2373
2395
2415
2433
2446
2457
2465
2471
2471
2469
2465
2456
2445
2432
2414
2393
2368
2341
2313
2281
2248
2210
2193
2129
2088
2043
1998
1955
1903
1853
1801
1753
1701
1649
1599
1546
1495
1445
1400
1349
1301
1255
1210
1169
1129
1090
1049
1019
988
960
934
913
893
873
859
849
839
836
834
836
842
849
858
873
893
914
938
965
994
1025
1059
1096
1133
1175
1217
1264
1308
1355
1403
1454
1504
1555
1603
1657
1710
1760
1811
1863
1910
1956
2002
2050
2093
2136
2177
2215
2251
2285
2319
2340
2371
2396
2413
2431
2447
2457
2464
2469
2470
2468
2463
2459
2444
2430
2413
2392
2369
2342
2313
2283
2246
2209
2172
2131
2086
2042
1996
1950
1902
1852
1801
1751
1703
1650
1600
1545
1496
1446
1396
1348
1301
1254
1210
1167
1127
1091
1054
1021
989
959
934
911
891
874
858
846
840
834
835
835
841
849
860
876
893
914
938
965
992
1025
1060
1097
1134
1173
1218
1261
1309
1355
1403
1453
1503
1553
1607
1658
1715
1760
1811
1861
1910
1957
2004
2049
2095
2136
2177
2213
2252
2286
2319
2348
2375
2395
2415
2434
2447
2459
2466
2470
2472
2467
2464
2457
2445
2430
2413
2392
2369
2344
2315
2289
2247
2211
2172
2130
2089
2044
1997
1950
1903
1855
1803
1752
1700
1650
1598
1547
1496
1445
1395
1349
1300
1257
1211
1172
1127
1090
1054
1019
989
958
935
911
891
874
860
848
841
837
835
837
841
849
860
875
894
915
938
964
992
1016
1059
1095
1135
1174
1217
1262
1309
1355
1404
1453
1504
1554
1606
1657
1713
1757
1809
1859
1910
1957
2006
2050
2094
2138
2179
2217
2249
2287
2318
2345
2371
2394
2415
2433
2446
2457
2465
2469
2467
2469
2464
2455
2443
2429
2411
2391
2368
2341
2313
2281
2246
2208
2171
2131
2090
2044
1997
1950
1901
1854
1803
1751
1707
1649
1595
1547
1496
1446
1394
1347
1302
1255
1211
1169
1128
1089
1053
1020
988
960
933
910
889
873
859
848
836
836
834
836
842
851
861
875
891
913
937
964
1010
1024
1061
1096
1133
1176
1218
1262
1308
1355
1403
1453
1501
1554
1606
1657
1719
1758
1809
1858
1908
1957
2004
2048
2075
2136
2181
2217
2254
2288
2318
2347
2372
2395
2416
2431
2446
2455
2467
2470
2472
2471
2465
2457
2445
2430
2414
2393
2385
2343
2316
2281
2249
2209
2172
2131
2088
2043
1996
1949
1901
1855
1804
1753
1701
1650
1598
1547
1496
1445
1396
1348
1299
1255
1211
1168
1127
1083
1053
1021
990
961
935
911
890
873
859
848
841
838
834
836
841
850
861
875
893
913
938
965
993
1023
1058
1095
1133
1175
1218
1262
1309
1355
1403
1452
1503
1553
1606
1655
1711
1759
1810
1861
1909
1957
2002
2050
2093
2135
2178
2216
2252
2284
2317
2346
2373
2396
2415
2433
2447
2460
2465
2469
2471
2469
2464
2455
2444
2429
2414
2391
2367
2346
2313
2282
2248
2211
2173
2130
2089
2044
1997
1950
1902
1855
1800
1751
1699
1649
1600
1547
1495
1445
1396
1351
1301
1255
1211
1168
1126
1090
1057
1019
988
959
935
911
891
871
861
849
841
837
835
835
842
851
861
874
892
917
939
965
992
1025
1060
1098
1135
1178
1218
1262
1308
1357
1402
1454
1504
1555
1607
1656
1718
1759
1811
1860
1910
1957
2004
2050
2094
2139
2176
2216
2252
2285
2318
2347
2373
2395
2415
2434
2447
2459
2466
2470
2473
2469
2464
2457
2445
2433
2412
2390
2369
2343
2314
2282
2249
2211
2171
2132
2087
2044
1996
1949
1899
1853
1803
1752
1701
1650
1600
1547
1496
1433
1397
1348
1303
1255
1212
1169
1128
1090
1054
1018
989
960
934
911
891
874
859
847
840
836
836
839
842
851
860
874
893
913
938
965
993
1025
1059
1097
1135
1175
1219
1263
1309
1355
1403
1453
1503
1554
1606
1657
1719
1759
1810
1860
1910
1957
2008
2050
2096
2136
2178
2217
2251
2286
2318
2347
2373
2396
2416
2433
2447
2458
2466
2469
2473
2469
2463
2457
2445
2429
2415
2391
2368
2343
2314
2277
2247
2211
2171
2131
2088
2045
2001
1950
1900
1852
1804
1749
1702
1649
1598
1545
1496
1447
1398
1348
1301
1255
1211
1170
1130
1090
1053
1020
991
960
934
911
890
873
860
849
841
837
835
837
841
849
859
875
894
915
939
965
996
1025
1059
1097
1135
1175
1215
1261
1309
1356
1404
1454
1502
1554
1605
1657
1717
1760
1809
1860
1910
1957
2004
2051
2096
2138
2177
2216
2252
2285
2315
2347
2373
2395
2416
2435
2448
2457
2466
2470
2473
2469
2464
2457
2444
2431
2409
2393
2369
2342
2313
2282
2248
2211
2171
2131
2089
2044
1998
1950
1903
1852
1802
1749
1701
1649
1595
1548
1496
1447
1396
1350
1303
1255
1212
1169
1129
1089
1054
1018
988
963
935
910
890
872
858
848
843
838
841
837
841
850
862
876
893
914
938
964
993
1027
1060
1096
1135
1175
1219
1263
1308
1355
1403
1453
1505
1554
1610
1658
1715
1761
1811
1865
1910
1956
2004
2050
2094
2137
2178
2215
2253
2285
2319
2348
2372
2395
2416
2433
2447
2459
2464
2470
2472
2470
2465
2458
2443
2430
2413
2398
2368
2343
2313
2282
2247
2211
2173
2135
2087
2043
1996
1950
1903
1854
1800
1752
1700
1649
1598
1545
1496
1446
1396
1349
1303
1255
1211
1167
1127
1090
1053
1016
987
960
934
911
892
874
859
847
841
837
836
842
842
849
863
877
894
915
939
964
994
1026
1062
1101
1134
1174
1219
1263
1309
1355
1403
1454
1504
1555
1607
1655
1711
1760
1811
1862
1912
1958
2004
2050
2095
2138
2172
2211
2251
2285
2318
2347
2373
2397
2416
2433
2446
2457
2465
2487
2471
2468
2464
2456
2445
2429
2412
2392
2363
2341
2314
2281
2247
2212
2171
2131
2087
2044
1997
1951
1903
1854
1804
1739
1700
1648
1599
1547
1496
1445
1394
1348
1301
1249
1212
1169
1126
1089
1053
1021
989
960
933
912
891
874
860
852
840
836
835
837
841
849
861
875
893
915
937
965
993
1026
1058
1099
1133
1175
1218
1264
1308
1355
1403
1454
1503
1553
1606
1657
1712
1759
1811
1861
1910
1958
2004
2050
2094
2137
2178
2215
2252
2287
2317
2347
2372
2397
2415
2432
2447
2458
2466
2470
2467
2469
2464