498
499
499
499
499
499
499
499
499
500
500
500
500
500
500
500
500
501
501
501
502
502
503
503
504
504
505
505
506
506
506
507
507
508
508
509
509
510
510
511
512
513
513
514
515
516
517
518
518
519
520
521
522
523
524
525
526
527
528
529
530
531
532
533
534
535
537
538
539
540
541
543
544
546
547
549
550
551
553
554
555
557
558
560
561
563
564
566
568
569
571
573
575
577
579
580
582
583
584
586
587
589
590
592
594
596
598
600
602
604
606
608
609
611
613
615
617
619
621
624
626
628
630
632
634
636
638
640
642
644
646
649
651
654
656
658
660
663
665
667
669
672
674
677
679
682
684
687
689
691
693
696
698
701
704
707
709
712
714
717
719
722
724
727
729
731
734
736
738
741
744
746
750
753
755
758
761
764
766
769
772
775
778
781
783
786
789
792
795
798
800
803
806
809
812
814
817
820
823
826
829
832
835
838
841
844
847
850
853
855
858
861
864
867
870
873
876
879
882
885
888
891
893
896
900
903
906
910
913
916
919
922
925
928
931
934
937
940
943
946
949
952
955
958
961
964
967
970
973
977
980
983
986
989
992
995
998
1001
1004
1007
1010
1013
1017
1020
1023
1026
1029
1032
1035
1038
1041
1044
1047
1050
1053
1056
1060
1063
1066
1069
1072
1075
1078
1081
1083
1086
1089
1092
1096
1099
1102
1105
1108
1111
1114
1117
1120
1122
1125
1128
1131
1134
1137
1140
1143
1146
1149
1151
1154
1157
1160
1163
1166
1169
1172
1175
1178
1181
1183
1186
1189
1192
1194
1197
1200
1203
1206
1209
1212
1215
1217
1220
1222
1224
1227
1230
1232
1235
1238
1241
1244
1247
1249
1252
1254
1257
1259
1262
1264
1267
1269
1272
1274
1276
1279
1281
1284
1286
1289
1291
1294
1296
1299
1301
1303
1305
1308
1310
1312
1314
1317
1319
1321
1324
1326
1329
1331
1334
1336
1339
1341
1343
1345
1347
1348
1350
1352
1354
1356
1358
1360
1362
1364
1366
1368
1370
1372
1374
1376
1378
1380
1381
1383
1385
1387
1389
1391
1393
1395
1397
1398
1400
1402
1403
1405
1406
1408
1409
1411
1412
1414
1415
1417
1419
1420
1421
1423
1424
1425
1426
1428
1429
1431
1432
1434
1435
1436
1438
1439
1440
1441
1442
1443
1445
1446
1447
1448
1449
1450
1451
1452
1453
1454
1455
1456
1457
1458
1459
1459
1460
1461
1462
1462
1463
1464
1465
1466
1466
1467
1468
1468
1469
1469
1470
1470
1471
1472
1472
1473
1473
1473
1473
1474
1474
1475
1475
1476
1477
1477
1478
1478
1478
1479
1479
1479
1479
1478
1478
1479
1479
1479
1479
1480
1480
1480
1480
1479
1479
1479
1478
1478
1478
1478
1477
1477
1477
1477
1477
1477
1476
1476
1476
1476
1475
1474
1473
1472
1471
1471
1470
1470
1470
1470
1470
1470
1469
1469
1468
1467
1466
1466
1465
1464
1464
1463
1462
1461
1460
1459
1459
1458
1457
1456
1455
1454
1453
1452
1451
1449
1448
1447
1446
1445
1444
1443
1442
1441
1440
1438
1437
1436
1435
1433
1432
1431
1430
1429
1427
1426
1424
1423
1421
1420
1418
1417
1415
1414
1412
1410
1408
1407
1405
1404
1402
1401
1399
1398
1396
1394
1392
1391
1389
1387
1386
1384
1382
1381
1379
1377
1375
1373
1371
1369
1367
1365
1363
1361
1359
1357
1354
1352
1350
1348
1346
1344
1342
1339
1337
1335
1333
1331
1328
1327
1325
1322
1320
1318
1315
1313
1310
1308
1305
1303
1300
1298
1296
1294
1291
1289
1286
1284
1281
1279
1276
1274
1271
1269
1266
1264
1262
1259
1257
1254
1251
1249
1246
1243
1241
1238
1236
1233
1231
1228
1225
1221
1218
1215
1212
1209
1207
1205
1202
1200
1198
1195
1192
1189
1186
1183
1180
1177
1175
1172
1169
1167
1164
1161
1157
1154
1150
1147
1143
1141
1138
1136
1134
1131
1129
1126
1123
1119
1116
1113
1111
1108
1105
1102
1099
1096
1093
1090
1086
1083
1080
1077
1074
1071
1068
1065
1062
1059
1056
1053
1050
1047
1044
1041
1038
1035
1032
1029
1025
1022
1019
1016
1013
1010
1007
1004
1001
998
995
992
989
985
982
979
976
973
970
967
964
961
958
956
953
950
947
943
940
936
933
930
927
924
921
919
916
913
910
907
903
900
897
894
891
888
885
882
879
876
873
870
867
864
861
858
855
852
849
846
843
840
837
834
831
828
826
823
820
817
814
811
808
805
803
800
797
794
791
789
786
783
780
778
775
772
769
766
763
760
757
755
752
749
747
745
742
740
737
734
732
729
726
724
721
719
716
713
711
708
706
703
701
698
696
694
691
689
686
684
681
679
676
674
671
669
667
664
662
660
658
656
654
651
649
647
645
643
641
639
636
634
632
630
628
625
623
621
619
617
615
613
611
610
608
606
604
602
600
598
596
595
593
592
590
588
586
585
583
581
579
578
576
575
573
572
570
568
566
564
563
561
560
558
557
556
554
552
551
549
548
547
546
545
544
543
541
540
538
537
536
535
534
533
532
531
530
529
528
526
525
524
523
522
521
520
519
518
517
516
515
514
514
513
512
512
511
511
510
509
509
508
507
506
505
504
504
504
504
504
504
504
503
503
502
501
500
500
500
500
500
500
500
500
500
499
499
499
499
499
499
499
499
499
499
499
499
499
499
499
499
499
500
500
500
501
501
501
501
502
502
502
502
503
503
504
504
505
505
506
506
507
508
508
509
510
510
511
512
512
513
514
514
515
515
516
517
518
519
520
521
522
523
524
525
526
527
528
529
530
531
532
533
535
536
537
538
539
540
542
543
544
546
548
549
550
552
553
554
555
557
558
560
561
563
564
565
567
568
570
572
573
575
577
578
580
581
583
585
587
589
591
593
595
597
598
600
602
604
605
607
609
611
613
615
618
620
622
624
626
628
629
631
633
635
637
639
642
644
647
649
651
654
656
658
660
662
665
667
669
672
674
677
679
681
683
685
687
689
692
695
698
701
704
707
709
712
714
716
719
721
724
726
729
732
734
737
739
742
745
748
751
753
756
759
761
764
766
769
772
775
778
780
783
786
789
792
794
797
799
802
804
807
810
813
816
819
822
826
829
832
835
838
841
844
846
849
852
855
858
861
864
866
870
873
876
879
882
885
888
891
894
897
900
903
906
909
912
915
918
921
924
927
931
934
937
941
944
947
950
953
956
959
961
964
967
969
972
975
978
981
985
989
992
995
998
1001
1004
1007
1009
1012
1016
1019
1022
1026
1029
1033
1036
1038
1041
1043
1045
1048
1050
1054
1057
1061
1065
1069
1072
1075
1078
1080
1083
1085
1088
1091
1095
1098
1101
1104
1108
1111
1114
1117
1121
1124
1127
1130
1132
1135
1137
1140
1143
1146
1149
1151
1154
1157
1160
1163
1166
1169
1172
1174
1177
1180
1184
1187
1190
1193
1196
1198
1201
1203
1206
1208
1211
1213
1216
1219
1222
1225
1227
1230
1233
1235
1238
1241
1243
1246
1249
1251
1254
1257
1259
1262
1264
1267
1269
1272
1274
1277
1279
1282
1284
1287
1289
1291
1294
1296
1298
1301
1303
1306
1308
1310
1313
1315
1317
1320
1322
1324
1327
1329
1331
1333
1336
1338
1340
1342
1344
1346
1348
1351
1353
1354
1356
1358
1360
1363
1365
1367
1368
1370
1372
1373
1375
1377
1379
1381
1383
1385
1387
1389
1391
1393
1394
1396
1397
1399
1401
1402
1404
1406
1407
1409
1411
1413
1415
1417
1419
1421
1422
1423
1424
1425
1425
1426
1428
1429
1431
1432
1434
1435
1436
1437
1438
1440
1441
1442
1443
1444
1445
1446
1447
1448
1449
1451
1452
1453
1454
1455
1456
1457
1457
1458
1459
1460
1461
1462
1463
1464
1465
1465
1466
1467
1467
1468
1468
1468
1469
1469
1470
1471
1471
1472
1473
1473
1474
1474
1475
1475
1475
1476
1476
1477
1477
1477
1477
1477
1478
1478
1478
1478
1478
1478
1479
1479
1479
1479
1479
1479
1479
1479
1479
1479
1479
1479
1479
1479
1479
1478
1478
1478
1478
1477
1477
1476
1476
1476
1475
1475
1475
1475
1474
1474
1473
1473
1472
1471
1471
1470
1469
1468
1468
1467
1466
1466
1465
1464
1464
1463
1462
1461
1461
1460
1460
1459
1458
1458
1457
1455
1454
1453
1452
1451
1450
1449
1448
1447
1445
1444
1443
1442
1441
1440
1438
1437
1436
1434
1433
1431
1430
1429
1428
1427
1425
1424
1423
1422
1420
1419
1417
1416
1414
1412
1410
1409
1407
1406
1405
1404
1403
1402
1400
1398
1396
1394
1391
1389
1387
1385
1383
1381
1380
1378
1376
1374
1372
1370
1369
1367
1365
1363
1360
1358
1356
1355
1353
1351
1349
1347
1344
1342
1340
1338
1335
1333
1331
1329
1326
1324
1322
1319
1317
1315
1312
1310
1308
1306
1304
1301
1299
1296
1294
1291
1289
1286
1284
1282
1279
1277
1275
1272
1270
1267
1265
1262
1260
1257
1254
1252
1249
1246
1244
1241
1239
1236
1233
1231
1228
1225
1222
1220
1217
1214
1211
1209
1206
1203
1201
1198
1195
1193
1190
1187
1184
1181
1178
1175
1172
1169
1166
1164
1161
1158
1156
1153
1149
1146
1143
1140
1137
1134
1131
1128
1125
1123
1120
1117
1114
1111
1108
1105
1102
1099
1096
1093
1090
1086
1083
1080
1077
1074
1071
1068
1066
1063
1060
1057
1054
1051
1047
1044
1041
1038
1034
1031
1028
1026
1024
1021
1019
1016
1013
1010
1006
1002
998
995
992
988
985
982
979
976
973
970
967
964
961
958
955
952
949
946
943
940
937
934
931
928
924
921
918
915
912
909
906
903
900
897
894
892
889
886
883
880
876
873
870
867
864
861
858
855
852
849
846
843
840
837
834
832
829
826
823
820
817
815
812
809
806
803
800
798
795
792
789
787
784
781
778
775
772
769
766
763
761
758
755
753
750
748
745
742
740
737
735
732
729
727
724
721
719
716
714
711
708
706
703
701
698
696
694
691
689
686
684
681
678
676
673
670
668
665
663
661
658
657
655
653
652
650
648
645
643
640
638
635
633
631
629
628
626
624
622
620
617
615
612
610
608
606
605
603
601
600
598
596
594
592
591
589
587
586
584
582
581
579
577
576
574
572
571
569
567
566
564
563
561
560
558
557
556
554
553
551
550
548
547
546
544
543
542
541
539
538
537
536
535
533
532
531
530
529
528
527
526
525
524
523
522
521
520
519
518
517
516
516
515
514
513
513
512
511
511
510
510
509
508
508
507
507
506
506
505
505
504
503
503
502
502
502
502
502
502
502
501
500
499
498
497
497
497
498
498
499
499
500
500
500
499
499
499
499
499
499
499
499
499
500
500
501
502
502
503
504
504
504
504
503
503
503
504
504
505
505
506
506
507
508
508
508
509
509
510
511
512
514
515
516
516
517
517
518