836
837
992
1403
1912
2315
2471
2313
1905
1398
991
836
992
1402
1908
2317
2469
2313
1905
1398
991
837
994
1401
1908
2315
2473
2315
1904
1399
990
835
994
1402
1909
2315
2469
2313
1905
1399
990
835
993
1403
1908
2318
2471
2313
1903
1397
992
835
994
1404
1907
2317
2471
2313
1905
1399
991
836
992
1401
1906
2316
2473
2315
1904
1398
990
836
993
1404
1911
2316
2470
2315
1903
1399
992
835
993
1401
1907
2310
2476
2314
1905
1397
992
836
993
1403
1907
2315
2469
2313
1901
1398
991
836
993
1404
1907
2315
2472
2315
1905
1399
991
837
992
1404
1907
2316
2469
2315
1904
1400
991
836
993
1402
1906
2317
2471
2319
1904
1399
991
836
994
1403
1907
2316
2472
2314
1905
1397
993
835
993
1402
1909
2317
2474
2314
1903
1399
989
831
993
1402
1907
2315
2471
2316
1905
1399
991
837
993
1401
1908
2313
2471
2314
1903
1398
990
836
994
1402
1909
2298
2471
2314
1904
1398
991
836
993
1402
1908
2317
2471
2314
1904
1399
991
837
997
1403
1908
2315
2473
2315
1904
1382
990
835
991
1402
1909
2317
2472
2313
1904
1400
990
837
994
1401
1907
2315
2471
2313
1904
1397
990
835
994
1405
1909
2317
2471
2316
1905
1399
991
836
993
1402
1909
2315
2470
2313
1905
1400
991
836
994
1402
1907
2317
2472
2314
1903
1399
991
837
993
1402
1908
2315
2472
2314
1904
1399
990
836
990
1403
1910
2316
2471
2313
1904
1399
991
836
994
1403
1907
2317
2467
2314
1904
1398
990
837
993
1401
1908
2317
2471
2313
1908
1398
990
837
994
1403
1909
2316
2469
2313
1905
1399
995
835
993
1403
1909
2318
2471
2313
1900
1398
991
837
987
1402
1910
2315
2471
2315
1905
1399
990
836
994
1404
1910
2317
2471
2313
1903
1401
991
836
993
1404
1910
2317
2471
2315
1905
1398
989
836
993
1403
1907
2316
2471
2313
1904
1399
991
837
993
1404
1905
2316
2470
2313
1904
1399
990
836
993
1403
1908
2318
2471
2313
1903
1400
992
837
994
1402
1907
2317
2472
2318
1902
1398
991
837
994
1404
1908
2316
2471
2314
1903
1398
990
836
991
1402
1909
2316
2472
2314
1905
1399
991
837
993
1403
1907
2315
2471
2313
1902
1399
991
837
992
1401
1908
2316
2471
2313
1903
1399
991
835
994
1403
1908
2315
2469
2312
1903
1399
990
837
992
1403
1908
2317
2472
2314
1904
1398
991
836
992
1402
1907
2315
2471
2313
1903
1398
990
836
993
1403
1909
2317
2471
2313
1903
1399
989
836
994
1403
1907
2317
2472
2313
1902
1400
990
835
992
1402
1905
2307
2473
2314
1901
1398
990
837
994
1403
1906
2317
2471
2314
1904
1399
990
836
992
1403
1907
2316
2471
2313
1901
1396
991
837
994
1403
1907
2322
2471
2313
1903
1397
989
831
991
1401
1908
2316
2471
2309
1902
1398
989
835
993
1402
1908
2315
2471
2314
1903
1397
989
836
993
1402
1904
2315
2471
2312
1903
1399
991
838
995
1403
1907
2314
2476
2312
1903
1396
990
835
993
1402
1907
2317
2471
2314
1899
1398
990
837
994
1402
1906
2315
2469
2312
1904
1397
986
834
993
1403
1909
2317
2471
2311
1903
1396
990
836
991
1401
1909
2317
2472
2313
1903
1397
990
835
996
1403
1899
2316
2471
2312
1903
1399
989
835
993
1405
1907
2317
2471
2314
1904
1398
989
832
993
1403
1908
2315
2469
2313
1901
1397
991
836
994
1403
1907
2315
2471
2313
1903
1397
988
835
991
1401
1908
2316
2473
2313
1902
1397
990
835
992
1402
1908
2317
2472
2311
1903
1397
990
836
993
1403
1908
2315
2471
2313
1903
1394
991
835
993
1403
1911
2316
2469
2313
1901
1396
988
835
994
1403
1908
2317
2469
2313
1902
1397
989
835
993
1408
1907
2317
2471
2313
1901
1396
990
836
994
1403
1907
2316
2469
2313
1902
1398
989
835
993
1403
1908
2318
2471
2320
1899
1397
989
836
993
1403
1907
2315
2471
2313
1902
1392
990
835
993
1403
1909
2317
2471
2313
1902
1398
990
841
993
1403
1915
2317
2472
2313
1904
1398
990
835
994
1404
1908
2315
2469
2312
1902
1398
990
836
995
1404
1910
2317
2472
2312
1902
1398
988
834
992
1400
1907
2315
2471
2313
1904
1399
990
835
995
1402
1906
2317
2469
2313
1903
1398
989
836
993
1403
1908
2317
2472
2313
1903
1400
990
837
994
1404
1907
2314
2469
2311
1902
1396
989
835
995
1404
1909
2317
2471
2311
1902
1397
988
834
992
1399
1905
2314
2471
2313
1903
1398
990
836
994
1404
1908
2315
2469
2311
1901
1397
990
835
993
1402
1908
2315
2472
2313
1904
1397
989
836
998
1402
1909
2315
2471
2311
1902
1397
991
835
993
1403
1907
2317
2471
2313
1905
1398
989
835
992
1403
1909
2318
2469
2311
1901
1396
992
835
994
1402
1908
2317
2472
2313
1902
1397
989
836
993
1401
1909
2317
2470
2313
1902
1396
988
834
992
1405
1909
2316
2471
2313
1902
1397
988
835
993
1403
1908
2317
2470
2313
1901
1397
989
837
994
1403
1908
2316
2470
2313
1903
1397
987
834
995
1403
1909
2317
2470
2311
1904
1397
990
836
993
1402
1907
2316
2471
2312
1903
1397
991
831
994
1405
1909
2318
2473
2313
1903
1395
990
836
993
1407
1907
2316
2469
2307
1904
1397
991
835
994
1405
1908
2308
2470
2312
1902
1396
991
834
991
1401
1909
2316
2472
2309
1902
1397
991
836
994
1402
1907
2315
2468
2314
1902
1421
989
837
991
1404
1911
2316
2471
2313
1902
1398
990
835
993
1404
1909
2316
2471
2313
1902
1397
990
837
991
1409
1909
2316
2471
2313
1901
1396
988
834
993
1404
1909
2316
2471
2313
1903
1399
991
835
993
1404
1908
2317
2469
2312
1897
1398
989
837
991
1403
1910
2317
2472
2312
1902
1397
987
834
992
1405
1907
2315
2472
2314
1903
1399
991
835
994
1403
1909
2317
2474
2311
1901
1396
990
835
994
1403
1907
2317
2472
2314
1902
1397
989
836
993
1404
1907
2315
2471
2311
1901
1397
989
834
993
1405
1910
2319
2471
2313
1901
1395
989
836
994
1401
1907
2317
2471
2315
1902
1399
990
836
995
1405
1909
2317
2471
2313
1901
1398
989
835
994
1405
1909
2317
2475
2313
1902
1397
990
835
995
1404
1909
2317
2471
2311
1889
1397
989
836
994
1403
1908
2317
2471
2313
1903
1397
989
835
992
1403
1911
2316
2471
2311
1901
1398
992
836
1008
1405
1910
2317
2471
2312
1901
1395
989
835
995
1405
1909
2315
2469
2312
1903
1398
990
837
994
1403
1909
2316
2463
2313
1903
1398
990
834
995
1405
1909
2317
2471
2312
1902
1396
991
835
994
1406
1909
2317
2471
2314
1903
1396
988
836
995
1405
1910
2320
2470
2311
1902
1397
990
835
993
1403
1909
2317
2472
2314
1902
1397
989
836
993
1403
1907
2319
2471
2313
1902
1397
989
836
994
1403
1910
2319
2470
2313
1901
1396
988
834
994
1405
1910
2317
2472
2312
1902
1397
991
833
994
1405
1909
2317
2471
2313
1902
1395
988
835
995
1405
1909
2321
2470
2313
1904
1398
990
837
994
1404
1909
2317
2472
2314
1902
1396
989
837
995
1405
1909
2316
2471
2313
1897
1390
989
835
992
1405
1910
2317
2471
2313
1901
1396
988
828
994
1403
1908
2317
2473
2312
1901
1396
989
835
994
1407
1910
2317
2469
2312
1901
1397
989
837
995
1405
1909
2330
2469
2312
1903
1397
988
834
994
1405
1910
2318
2471
2311
1902
1396
989
835
994
1403
1909
2317
2471
2313
1902
1385
989
835
994
1405
1911
2317
2471
2309
1901
1397
987
836
995
1404
1907
2318
2471
2313
1903
1397
989
835
993
1410
1910
2318
2472
2312
1900
1396
989
837
994
1404
1910
2318
2471
2312
1903
1396
989
835
995
1404
1910
2318
2471
2315
1902
1395
989
837
996
1404
1910
2319
2471
2313
1903
1397
989
834
995
1404
1909
2318
2471
2314
1903
1397
990
837
993
1403
1912
2317
2469
2313
1902
1395
988
835
994
1398
1910
2318
2470
2313
1902
1396
991
836
994
1405
1909
2318
2470
2311
1901
1396
991
836
996
1405
1911
2319
2470
2313
1901
1397
987
837
994
1403
1910
2319
2471
2312
1900
1397
989
836
995
1405
1911
2317
2469
2312
1903
1398
990
836
995
1404
1910
2319
2474
2313
1903
1396
989
837
994
1404
1911
2318
2473
2313
1902
1397
990
835
995
1404
1911
2320
2472
2313
1903
1395
985
835
996
1403
1909
2317
2471
2312
1901
1397
990
837
994
1406
1910
2319
2471
2313
1902
1396
989
835
995
1405
1910
2317
2471
2313
1903
1398
989
835
995
1405
1911
2318
2472
2311
1902
1397
988
837
994
1405
1909
2317
2472
2313
1904
1396
990
836
994
1405
1911
2318
2471
2311
1902
1395
986
836
996
1405
1911
2320
2473
2313
1903
1395
989
835
994
1403
1910
2320
2473
2312
1902
1396
990
837
996
1406
1919
2318
2471
2313
1901
1396
988
834
993
1405
1911
2320
2473
2312
1901
1396
994
839
994
1405
1909
2317
2471
2312
1897
1395
988
836
995
1404
1911
2320
2472
2312
1901
1396
991
835
993
1404
1913
2315
2471
2313
1902
1396
990
835
995
1405
1911
2317
2471
2307
1899
1394
989
835
995
1406
1910
2317
2471
2312
1902
1395
988
836
994
1406
1911
2317
2471
2311
1901
1396
992
837
994
1403
1909
2317
2472
2313
1902
1396
989
837
995
1409
1910
2316
2469
2311
1901
1396
991
838
994
1405
1911
2322
2463
2310
1900
1395
989
837
997
1405
1911
2317
2471
2309
1901
1396
988
835
993
1404
1910
2318
2472
2311
1901
1400
989
835
995
1407
1911
2318
2469
2312
1903
1396
989
839
995
1405
1910
2318
2473
2311
1901
1395
983
837
996
1390
1909
2317
2471
2313
1902
1397
989
836
994
1406
1910
2318
2471
2313
1901
1397
989
836
995
1404
1910
2317
2471
2334
1901
1396
991
836
999
1407
1911
2317
2471
2313
1901
1396
988
836
996
1407
1912
2319
2471
2313
1903
1399
989
817
995
1403
1910
2318
2473
2312
1899
1395
990
837
996
1407
1910
2318
2473
2313
1903
1396
988
835
994
1404
1911
2313
2471
2312
1897
1396
991
837
996
1406
1911
2317
2472
2312
1901
1395
988
834
992
1403
1911
2318
2473
2314
1902
1395
989
837
994
1404
1912
2317
2471
2312
1901
1396
989
835
994
1403
1912
2319
2473
2313
1900
1395
989
836
995
1404
1911
2317
2471
2311
1901
1395
989
836
994
1406
1912
2317
2471
2310
1901
1395
988
834
995
1405
1912
2318
2472
2313
1901
1395
990
836
996
1405
1912
2317
2470
2313
1901
1406
988
837
996
1406
1919
2317
2471
2313
1901
1395
988
835
994
1405
1910
2319
2467
2312
1901
1397
989
836
995
1405
1911
2318
2473
2313
1896
1395
988
835
995
1406
1907
2315
2471
2311
1902
1396
1000
836
996
1405
1909
2319
2472
2312
1900
1395
989
836
994
1405
1911
2319
2471
2313
1901
1396
991
836
995
1405
1906
2317
2472
2313
1901
1396
988
836
995
1406
1912
2318
2471
2311
1903
1396
991
837
994
1405
1910
2317
2473
2313
1918
1394
989
837
997
1404
1910
2317
2471
2313
1901
1399
989
835
994
1406
1910
2321
2472
2312
1902
1396
990
836
997
1405
1910
2317
2469
2313
1900
1395
989
836
995
1405
1911
2317
2473
2312
1900
1393
989
835
995
1405
1911
2317
2471
2311