2430
2446
2445
2447
2445
2447
2446
2445
2456
2447
2446
2448
2447
2447
2446
2447
2447
2447
2446
2445
2447
2447
2447
2446
2448
2448
2442
2446
834
834
833
832
832
831
832
832
831
831
833
833
826
832
833
831
831
833
831
831
832
831
833
832
831
831
835
838
831
832
832
832
831
835
832
831
831
830
831
831
832
831
830
830
830
831
832
832
832
831
2449
2445
2444
2443
2444
2445
2443
2445
2443
2444
2445
2446
2446
2446
2445
2447
2445
2445
2445
2445
2447
2445
2445
2447
2446
2446
2445
2445
2451
2446
2447
2445
2446
2446
2445
2446
2447
2447
2446
2445
2447
2447
2448
2446
2440
2446
2445
2446
2446
2447
826
832
833
833
833
835
833
831
831
830
831
829
832
831
832
833
831
831
832
832
827
831
830
833
831
832
831
831
831
831
832
831
832
832
832
823
830
832
833
833
833
830
830
832
833
831
831
827
829
831
2447
2442
2444
2445
2445
2449
2445
2445
2444
2451
2444
2445
2443
2445
2447
2445
2446
2445
2446
2447
2445
2461
2445
2446
2446
2446
2447
2447
2446
2447
2447
2445
2445
2448
2447
2447
2446
2446
2445
2446
2447
2447
2446
2445
2446
2448
2445
2447
2448
2445
830
832
833
834
833
833
833
832
832
831
833
833
832
832
831
832
833
831
832
832
832
832
832
832
831
832
832
831
832
832
831
832
843
832
832
832
830
833
831
831
832
832
833
831
832
833
831
833
832
831
2449
2445
2445
2445
2446
2446
2446
2446
2447
2447
2445
2447
2445
2446
2447
2442
2446
2447
2447
2448
2446
2447
2446
2447
2447
2447
2446
2447
2445
2444
2446
2447
2447
2446
2445
2447
2446
2447
2446
2447
2447
2446
2447
2447
2448
2445
2447
2448
2447
2445
829
833
834
833
832
833
834
832
833
835
833
833
831
830
832
832
832
832
832
832
832
833
831
834
832
831
832
832
832
832
832
831
831
832
832
839
832
832
834
832
832
831
833
831
832
831
831
831
832
832
2449
2445
2440
2444
2447
2445
2447
2446
2446
2446
2445
2445
2448
2447
2446
2446
2447
2447
2447
2448
2446
2446
2444
2444
2447
2449
2447
2445
2444
2447
2447
2449
2447
2447
2445
2446
2447
2447
2446
2447
2444
2447
2446
2465
2446
2446
2445
2446
2448
2446
830
834
834
833
833
833
832
831
832
833
833
832
830
832
833
833
832
829
831
831
832
832
831
832
831
831
831
833
833
832
831
831
839
832
832
830
831
831
831
830
831
832
832
831
831
831
832
832
832
831
2448
2444
2444
2445
2445
2445
2446
2445
2453
2445
2446
2446
2447
2446
2444
2447
2446
2448
2446
2447
2447
2446
2447
2446
2447
2447
2446
2445
2445
2446
2448
2447
2449
2445
2447
2447
2447
2447
2446
2445
2445
2446
2447
2445
2453
2446
2447
2447
2446
2447
829
834
832
833
833
833
832
832
831
831
832
833
832
832
832
831
833
832
832
832
833
831
832
832
831
831
831
831
832
831
832
831
834
831
833
833
831
830
831
831
832
832
821
830
831
832
832
833
831
832
2448
2448
2445
2443
2445
2445
2446
2446
2446
2447
2446
2444
2446
2446
2446
2446
2447
2445
2446
2447
2447
2447
2447
2447
2446
2446
2447
2448
2445
2446
2446
2446
2445
2446
2448
2447
2446
2446
2447
2446
2447
2447
2447
2447
2446
2445
2446
2446
2447
2447
829
833
833
831
833
834
833
832
831
832
831
833
832
832
832
831
832
832
832
836
832
832
832
831
833
831
833
830
832
832
835
819
839
831
834
825
832
831
832
831
831
833
831
839
831
831
831
830
831
831
2450
2444
2445
2445
2447
2444
2445
2447
2447
2447
2446
2446
2446
2445
2446
2447
2445
2451
2445
2448
2448
2448
2447
2446
2446
2446
2447
2448
2446
2446
2445
2446
2445
2447
2446
2446
2447
2445
2447
2447
2447
2458
2445
2447
2446
2446
2448
2447
2447
2447
830
833
834
833
831
835
832
832
830
842
833
833
831
831
830
830
831
832
831
831
832
832
832
832
835
832
832
832
831
833
832
833
826
832
831
833
833
833
832
832
831
831
831
832
827
832
830
832
833
836
2448
2444
2444
2446
2445
2447
2444
2446
2445
2447
2447
2447
2447
2445
2446
2446
2445
2447
2447
2446
2447
2447
2447
2447
2447
2447
2447
2447
2446
2446
2446
2447
2447
2448
2447
2446
2445
2446
2447
2447
2444
2446
2446
2446
2448
2447
2447
2446
2446
2445
829
833
833
834
832
832
832
833
832
832
831
836
835
835
835
831
833
832
831
830
832
833
831
832
831
832
832
834
831
831
833
831
831
832
832
832
833
832
832
832
832
833
832
833
832
831
833
831
832
831
2449
2444
2446
2445
2445
2451
2445
2443
2449
2446
2447
2447
2446
2447
2447
2448
2447
2447
2446
2447
2447
2445
2448
2446
2447
2447
2447
2446
2447
2447
2445
2447
2447
2447
2442
2446
2447
2445
2447
2447
2447
2446
2444
2447
2447
2447
2447
2446
2447
2448
829
833
833
832
832
832
832
832
832
832
832
832
831
843
832
833
832
833
832
832
832
832
831
831
832
830
830
829
831
832
831
832
831
832
832
832
831
829
832
831
831
831
831
831
831
832
831
832
832
831
2448
2443
2444
2445
2446
2445
2446
2446
2445
2446
2447
2446
2445
2446
2447
2447
2444
2446
2449
2445
2446
2447
2446
2447
2446
2446
2446
2445
2450
2447
2445
2448
2446
2447
2447
2446
2445
2447
2446
2446
2445
2446
2446
2447
2447
2447
2447
2447
2445
2446
831
835
839
832
832
831
833
833
832
832
832
832
834
834
846
832
830
831
833
832
831
830
830
831
833
831
839
831
831
833
831
834
832
832
831
831
833
833
842
831
832
832
831
833
831
831
831
832
833
830
2447
2443
2444
2444
2445
2446
2446
2444
2446
2446
2447
2446
2439
2446
2441
2447
2447
2447
2446
2445
2446
2447
2448
2446
2446
2447
2447
2447
2447
2447
2445
2444
2446
2447
2447
2447
2455
2444
2447
2447
2447
2444
2446
2446
2445
2447
2447
2447
2450
2447
820
833
832
833
831
832
831
831
832
831
828
831
832
832
832
830
831
833
831
832
831
830
831
831
833
831
833
834
830
832
831
832
833
830
831
830
832
832
832
828
831
830
832
832
833
831
829
831
831
831
2449
2450
2444
2441
2445
2445
2445
2445
2445
2446
2445
2445
2446
2447
2445
2447
2446
2447
2446
2447
2446
2445
2447
2445
2447
2451
2445
2446
2447
2447
2446
2445
2438
2446
2447
2447
2445
2435
2445
2446
2446
2446
2445
2446
2446
2446
2447
2445
2445
2434
828
833
833
833
834
832
832
831
833
831
832
816
831
831
831
831
832
831
832
830
831
832
831
832
830
831
830
832
832
832
831
831
832
830
831
820
831
831
831
830
832
832
831
832
832
833
829
831
831
832
2448
2444
2447
2442
2445
2445
2446
2445
2447
2455
2445
2443
2447
2447
2446
2445
2445
2446
2446
2446
2446
2446
2445
2445
2445
2447
2445
2445
2443
2445
2447
2446
2447
2445
2445
2446
2447
2448
2446
2445
2447
2447
2445
2447
2444
2446
2445
2447
2445
2447
833
833
833
832
832
832
831
831
832
833
832
832
831
831
832
831
832
831
832
831
832
832
831
831
828
832
831
831
831
831
829
831
830
831
833
833
828
832
830
830
829
832
831
831
830
831
831
833
826
831
2449
2443
2445
2444
2445
2446
2444
2444
2446
2445
2437
2446
2445
2446
2446
2445
2445
2447
2446
2446
2447
2445
2435
2445
2447
2446
2445
2446
2446
2447
2447
2447
2447
2446
2431
2446
2446
2447
2446
2447
2446
2445
2447
2446
2447
2447
2445
2446
2446
2446
833
833
833
832
832
832
833
831
825
831
831
832
831
833
831
833
831
832
837
831
833
831
830
830
831
832
833
832
830
831
831
832
842
831
832
830
831
830
830
832
832
831
831
831
832
831
831
831
831
830
2447
2443
2443
2445
2446
2445
2445
2445
2447
2447
2445
2444
2446
2447
2446
2447
2449
2447
2446
2446
2445
2444
2446
2449
2447
2445
2447
2444
2448
2447
2445
2445
2446
2447
2446
2444
2447
2446
2447
2447
2447
2447
2447
2446
2446
2447
2445
2456
2445
2447
830
833
834
833
833
833
832
832
832
833
831
831
832
833
832
831
831
830
831
833
832
839
829
831
832
833
832
831
831
830
831
832
832
827
831
831
829
831
832
831
831
830
831
832
832
829
830
832
831
831
2449
2444
2444
2443
2445
2446
2445
2447
2445
2445
2447
2447
2446
2446
2446
2446
2444
2446
2447
2445
2445
2446
2445
2446
2447
2446
2445
2445
2447
2449
2446
2450
2445
2447
2447
2447
2447
2446
2446
2445
2446
2447
2446
2446
2445
2446
2447
2448
2447
2447
830
831
832
830
833
839
831
832
832
833
833
831
834
831
832
832
833
832
833
830
830
829
829
831
831
832
832
831
832
833
831
834
831
831
832
832
831
831
832
832
832
832
832
832
832
831
835
831
831
831
2447
2444
2444
2445
2445
2445
2447
2447
2443
2444
2450
2445
2446
2447
2447
2446
2444
2447
2448
2447
2453
2446
2446
2447
2445
2448
2446
2445
2447
2444
2447
2446
2447
2446
2447
2446
2447
2447
2447
2447
2447
2445
2447
2447
2454
2446
2446
2446
2446
2437
829
833
833
834
834
833
828
831
831
831
834
832
831
831
831
833
832
832
839
831
833
832
833
832
832
829
831
833
833
831
831
831
830
832
832
833
833
831
831
832
832
832
831
831
830
831
832
832
830
831
2447
2445
2443
2444
2435
2446
2447
2446
2445
2447
2446
2445
2446
2447
2447
2445
2446
2446
2447
2447
2447
2447
2447
2447
2446
2447
2447
2446
2443
2446
2447
2448
2447
2447
2447
2447
2447
2447
2448
2447
2445
2446
2446
2447
2447
2447
2446
2446
2447
2447
831
833
833
833
831
832
834
835
831
832
832
831
833
832
831
833
832
832
832
829
831
832
837
832
831
831
831
832
831
832
830
838
830
832
833
832
832
831
829
832
833
826
832
826
830
832
831
831
832
832
2448
2445
2447
2446
2446
2444
2445
2445
2445
2446
2447
2446
2446
2445
2447
2447
2447
2445
2447
2447
2447
2447
2447
2447
2447
2446
2446
2447
2446
2455
2447
2448
2446
2447
2447
2446
2447
2448
2447
2447
2447
2446
2447
2447
2447
2447
2447
2447
2447
2446
830
834
839
832
832
833
834
833
832
833
831
831
832
834
832
830
831
831
832
831
833
831
831
832
832
833
832
821
831
832
831
834
831
833
831
832
831
832
832
833
831
832
831
832
831
832
832
832
831
832
2447
2447
2445
2445
2445
2446
2444
2445
2446
2446
2445
2445
2446
2447
2447
2447
2446
2445
2446
2445
2449
2447
2445
2449
2447
2446
2447
2446
2447
2449
2446
2446
2445
2441
2446
2447
2447
2445
2447
2447
2446
2447
2446
2448
2448
2447
2446
2448
2447
2447
828
832
833
833
840
833
832
833
833
832
833
833
832
831
831
833
827
832
833
832