1463
1464
1464
1464
1464
1464
1464
1464
1464
1464
1464
1464
1464
1464
1464
1464
1464
1465
1465
1464
1464
1464
1464
1464
1464
1464
1464
1464
1464
1464
1464
1464
1464
1464
1464
1464
1464
1464
1464
1464
1464
1464
1464
1464
1464
1464
1464
1464
1464
1464
1464
1464
1464
1464
1465
1465
1465
1465
1465
1465
1465
1464
1464
1464
1464
1464
1464
1464
1464
1465
1465
1465
1465
1465
1465
1465
1464
1464
1464
1464
1464
1464
1464
1464
1464
1464
1464
1464
1464
1464
1464
1464
1464
1464
1464
1464
1464
1464
1464
1464
1464
1464
1464
1465
1465
1465
1465
1465
1464
1464
1464
1464
1464
1464
1464
1464
1464
1464
1464
1464
1464
1464
1464
1464
1464
1464
1464
1464
1464
1463
1463
1463
1464
1464
1464
1464
1464
1464
1464
1464
1464
1464
1464
1464
1464
1465
1465
1465
1464
1464
1464
1464
1464
1464
1464
1464
1463
1463
1463
1463
1463
1464
1464
1464
1464
1465
1464
1464
1464
1464
1464
1464
1464
1464
1464
1464
1464
1464
1464
1464
1464
1464
1464
1464
1464
1464
1464
1464
1464
1464
1464
1464
1464
1464
1464
1464
1465
1465
1465
1464
1464
1464
1464
1464
1464
1464
1464
1464
1465
1465
1465
1464
1464
1464
1464
1464
1464
1464
1464
1464
1464
1464
1464
1464
1464
1463
1463
1463
1463
1463
1463
1463
1464
1464
1464
1464
1464
1464
1464
1464
1464
1464
1464
1464
1464
1464
1464
1464
1464
1464
1464
1465
1464
1464
1464
1463
1463
1463
1463
1463
1462
1460
1455
1451
1450
1459
1478
1504
1526
1529
1493
1409
1272
1097
904
723
577
482
437
433
453
479
500
511
512
507
502
499
497
497
496
496
496
496
496
496
496
497
497
497
497
497
497
497
497
497
497
497
497
497
497
497
497
497
497
497
497
497
497
497
497
497
497
497
497
496
497
497
497
497
497
498
498
497
497
497
497
497
497
497
497
497
497
497
497
497
497
497
497
497
497
497
497
497
497
497
497
497
497
497
497
497
497
497
497
497
497
497
497
497
497
497
497
498
497
497
497
497
497
497
497
497
497
497
497
497
497
497
497
497
497
497
497
497
497
497
497
497
497
497
497
497
497
497
496
496
496
496
497
497
497
497
497
497
497
496
496
495
495
495
495
495
496
496
497
497
497
497
497
497
497
497
497
497
497
497
497
497
497
497
497
497
496
496
496
496
497
497
497
497
498
498
498
498
498
497
497
497
497
497
497
497
497
497
497
497
497
497
497
497
497
497
497
497
497
497
497
497
497
497
497
497
497
497
497
497
497
497
497
498
498
498
498
497
497
497
497
497
497
497
497
497
497
497
497
497
497
497
497
497
497
497
497
497
497
497
497
497
497
497
497
497
497
497
497
497
497
497
497
497
497
497
497
497
497
497
497
497
497
496
496
496
496
496
497
497
497
497
497
497
497
497
497
497
497
497
497
497
497
497
497
497
497
497
497
497
497
497
497
497
497
497
497
497
498
498
499
499
499
498
498
497
497
497
497
497
497
497
497
497
497
497
497
497
497
497
497
497
497
497
497
497
497
497
497
497
497
497
497
497
497
497
497
497
497
497
497
497
497
497
497
497
498
498
498
497
497
497
497
497
497
497
497
497
497
497
497
497
497
498
498
498
498
498
498
498
498
498
497
497
497
497
496
496
496
496
496
497
497
497
497
497
497
497
497
497
497
497
497
497
497
497
497
497
497
498
499
499
499
499
499
499
499
498
498
498
497
497
497
497
497
497
497
497
497
497
497
497
498
498
498
499
499
499
498
498
497
497
497
497
497
497
497
497
497
497
497
497
497
497
497
497
497
497
498
498
498
498
498
498
497
497
497
497
497
497
497
498
497
497
497
497
497
497
497
497
497
497
497
497
497
497
497
497
497
497
497
497
497
497
497
498
501
506
510
510
500
480
453
432
432
472
562
704
883
1077
1257
1399
1489
1528
1528
1507
1480
1460
1451
1451
1456
1461
1463
1465
1465
1465
1464
1464
1464
1464
1464
1464
1464
1464
1464
1464
1464
1464
1465
1465
1465
1464
1464
1464
1464
1464
1464
1464
1464
1464
1464
1464
1464
1464
1464
1464
1464
1465
1465
1465
1465
1465
1465
1465
1464
1464
1464
1464
1464
1464
1464
1465
1465
1465
1465
1465
1465
1465
1465
1464
1464
1464
1464
1464
1464
1464
1464
1465
1465
1464
1464
1464
1464
1464
1464
1464
1464
1464
1464
1464
1464
1464
1464
1464
1464
1464
1464
1465
1465
1465
1465
1465
1465
1465
1465
1465
1465
1464
1464
1464
1464
1464
1464
1464
1464
1464
1464
1464
1465
1465
1465
1465
1465
1465
1465
1465
1465
1464
1464
1464
1464
1464
1464
1464
1464
1464
1464
1464
1464
1464
1464
1464
1464
1464
1464
1465
1465
1465
1465
1465
1465
1465
1464
1464
1464
1464
1464
1465
1465
1465
1465
1466
1466
1465
1465
1465
1465
1464
1464
1464
1464
1464
1465
1465
1465
1464
1464
1464
1464
1464
1464
1464
1464
1464
1464
1465
1465
1465
1465
1465
1465
1465
1465
1465
1465
1465
1464
1464
1464
1463
1463
1463
1463
1464
1464
1464
1464
1464
1464
1465
1465
1465
1465
1465
1465
1465
1465
1464
1464
1464
1464
1464
1465
1465
1465
1465
1465
1465
1465
1464
1464
1464
1464
1464
1464
1465
1465
1465
1465
1465
1465
1465
1464
1464
1464
1464
1463
1463
1463
1463
1463
1463
1463
1464
1464
1464
1464
1464
1464
1464
1464
1464
1465
1465
1465
1465
1465
1465
1464
1464
1463
1463
1462
1462
1462
1463
1464
1464
1465
1465
1465
1465
1464
1464
1464
1464
1464
1464
1464
1465
1465
1465
1465
1464
1464
1464
1464
1464
1464
1464
1464
1464
1464
1464
1464
1464
1464
1464
1464
1464
1464
1464
1464
1464
1464
1464
1464
1464
1464
1464
1464
1464
1464
1464
1464
1464
1464
1464
1464
1464
1464
1464
1464
1464
1464
1464
1464
1464
1464
1464
1464
1464
1464
1464
1464
1464
1464
1464
1464
1464
1464
1464
1464
1464
1464
1464
1464
1465
1464
1464
1464
1464
1464
1464
1464
1464
1464
1464
1464
1464
1464
1464
1464
1464
1464
1464
1464
1464
1464
1464
1464
1464
1464
1463
1463
1463
1462
1463
1463
1464
1464
1464
1465
1464
1464
1463
1463
1463
1463
1463
1463
1464
1464
1464
1465
1465
1464
1464
1464
1464
1464
1464
1464
1464
1464
1464
1464
1464
1464
1465
1465
1465
1464
1464
1464
1464
1464
1464
1464
1464
1464
1464
1464
1464
1464
1464
1464
1464
1464
1464
1464
1464
1464
1464
1464
1464
1464
1464
1464
1464
1464
1464
1464
1464
1464
1464
1464
1464
1464
1464
1464
1464
1464
1464
1465
1465
1465
1464
1464
1464
1464
1464
1464
1464
1464
1464
1464
1464
1464
1464
1464
1464
1464
1464
1463
1461
1457
1452
1450
1455
1470
1494
1518
1528
1507
1440
1322
1159
972
786
627
514
451
433
445
469
493
507
511
509
504
500
498
498
498
497
498
498
498
498
498
498
498
498
498
498
498
497
497
497
497
497
497
497
497
497
497
497
497
497
497
497
497
497
497
498
498
498
498
498
498
497
497
497
497
497
497
497
497
497
497
497
497
496
496
497
497
497
497
497
497
497
497
497
497
497
497
497
497
497
497
498
498
498
497
497
497
497
497
497
497
497
497
497
496
496
496
496
497
497
497
497
497
497
497
497
497
497
497
497
497
497
497
497
497
497
498
498
498
497
497
497
497
497
497
497
497
497
497
497
497
497
497
498
498
498
498
498
498
498
497
497
497
497
497
497
497
497
497
497
497
497
497
497
497
497
497
497
497
497
497
497
497
497
497
497
497
497
497
497
497
497
497
497
498
498
498
498
498
498
498
498
498
498
498
498
497
497
497
497
497
497
496
496
496
496
495
496
496
496
497
497
497
497
497
497
497
497
497
497
497
498
498
498
498
498
497
496
496
495
495
495
496
496
497
498
498
498
497
497
497
497
497
497
497
498
498
498
498
498
498
498
498
498
498
498
497
497
497
497
497
498
498
498
498
498
497
497
497
497
498
498
498
498
497
497
496
496
496
496
496
496
497
497
497
497
497
497
497
497
497
497
497
497
497
497
497
497
497
497
496
497
497
497
498
498
498
498
498
498
498
497
497
497
497
497
498
498
498
498
498
497
497
497
497
497
497
497
497
497
497
497
497
497
497
497
497
497
497
498
498
498
498
498
498
498
497
497
497
497
497
497
497
497
497
497
497
497
497
497
497
497
497
497
498
498
498
498
498
498
498
498
498
498
497
497
497
497
497
497
497
497
497
497
498
498
498
498
498
498
498
497
497
497
497
497
497
497
497
497
497
497
497
496
496
497
497
497
497
498
498
497
497
497
497
497
497
497
497
497
497
497
497
497
497
496
496
496
496
497
497
497
498
498
498
498
498
497
497
497
497
497
497
497
497
497
498
498
498
498
497
497
497
497
497
498
498
498
498
498
498
498
498
497
497
497
497
497
497
497
497
497
497
497
497
498
498
498
498
498
498
498
498
498
497
497
497
497
497
497
497
497
497
497
497
499
502
507
512
511
502
481
455
433
433
472
562
703
883
1077
1256
1398
1488
1527
1528
1506
1479
1458
1449
1449
1454
1459
1462
1464
1464
1465
1465
1465
1465
1465
1465
1465
1464
1464
1464
1464
1464
1464
1464
1464
1465
1465
1465
1465
1465
1464
1464
1464
1464
1464
1464
1465
1465
1465
1465
1465
1465
1464
1464
1464
1464
1464
1465
1465
1465
1465
1465
1464
1464
1464
1464
1464
1464
1465
1465
1466
1466
1466
1466
1466
1465
1465
1465
1465
1465
1464
1464
1464
1464
1464
1465
1465
1465
1465
1465
1465
1465
1465
1465
1465
1465
1465
1465
1465
1465
1464
1464
1464
1464
1464
1464
1465
1465
1465
1465
1465
1465
1465
1465
1465
1465
1465
1464
1464
1464
1464
1464
1464
1464
1464
1464
1464
1464
1464
1464
1464
1465
1465
1464
1464
1464
1464
1464
1464
1464
1464
1465
1465
1465
1465
1465
1465
1465
1465
1464
1464
1464
1464
1464
1464
1465
1465
1465
1465
1465
1465
1465
1465
1464
1464
1464
1464
1465
1465
1465
1465
1465
1465
1465
1465
1465
1465
1465
1465
1465
1465
1465
1465
1465
1465
1465
1465
1465
1464
1464
1464
1465
1465
1465
1466
1466
1465
1465
1465
1465
1464
1464
1464
1464
1464
1464
1464
1464
1464
1464
1464
1464
1464
1465
1465
1464
1464
1464
1463
1463
1463
1463
1463
1464
1464
1464
1465
1464
1464
1464
1464
1464
1464
1464
1464
1464
1464
1464
1465
1465
1465
1465
1465
1465
1465
1465
1465
1465
1465
1465
1464
1464
1464
1464
1464
1464
1464
1464
1464
1464
1464
1464
1464
1464
1464
1463
1463
1463
1463
1463
1464
1464
1465
1465
1465
1465
1465