497
498
498
498
498
498
498
498
498
498
499
502
507
512
512
502
482
455
433
433
473
564
707
887
1081
1260
1401
1490
1529
1528
1506
1479
1458
1449
1449
1454
1459
1462
1464
1464
1464
1464
1464
1464
1463
1463
1463
1464
1464
1464
1464
1464
1464
1464
1464
1464
1464
1464
1464
1464
1463
1460
1455
1450
1450
1460
1480
1507
1529
1529
1490
1399
1257
1076
882
703
561
472
433
433
456
482
503
512
512
507
502
499
498
498
497
497
497
497
498
498
498
498
498
498
498
498
498
498
498
498
498
498
498
498
499
502
507
512
512
502
481
454
432
433
473
564
707
887
1080
1259
1400
1489
1528
1527
1505
1478
1458
1450
1450
1455
1460
1464
1465
1465
1465
1464
1464
1464
1463
1463
1464
1464
1464
1464
1464
1464
1464
1464
1464
1464
1464
1464
1464
1464
1463
1460
1455
1450
1450
1460
1480
1507
1529
1529
1489
1398
1255
1075
881
702
561
472
433
434
456
483
503
512
512
507
502
499
498
498
498
498
498
497
497
497
497
497
498
498
498
498
498
497
497
497
497
497
497
497
499
502
507
513
513
503
482
455
433
433
473
564
707
887
1082
1261
1403
1491
1530
1529
1506
1479
1458
1449
1449
1454
1459
1463
1465
1465
1465
1465
1465
1465
1464
1464
1464
1464
1464
1464
1464
1464
1464
1464
1464
1464
1463
1463
1464
1464
1464
1461
1457
1453
1452
1462
1481
1508
1529
1529
1488
1398
1255
1075
881
701
560
472
433
434
457
483
504
512
512
506
501
498
497
497
498
498
498
498
498
498
498
498
497
497
497
497
498
498
498
498
498
497
497
496
497
500
505
510
511
502
481
455
433
433
474
564
707
887
1081
1260
1401
1490
1529
1528
1505
1479
1458
1449
1450
1455
1460
1463
1465
1465
1465
1465
1464
1464
1464
1464
1464
1464
1464
1464
1464
1464
1464
1464
1464
1464
1464
1464
1465
1465
1463
1460
1455
1450
1450
1460
1480
1507
1529
1529
1488
1398
1255
1074
880
701
560
472
433
434
456
483
503
512
512
507
502
499
497
498
498
498
498
498
498
498
498
498
498
498
498
498
498
498
498
498
498
498
498
498
499
502
507
512
512
502
481
454
433
433
473
564
707
887
1081
1260
1401
1490
1529
1528
1506
1479
1460
1451
1451
1456
1460
1463
1464
1464
1464
1464
1464
1464
1464
1464
1464
1464
1464
1464
1464
1464
1464
1464
1464
1463
1464
1464
1464
1464
1462
1459
1454
1450
1450
1460
1480
1507
1529
1529
1489
1398
1255
1075
881
702
561
472
433
433
455
482
503
512
512
507
503
499
498
498
497
497
497
497
497
497
497
497
497
498
498
498
498
498
498
498
498
497
497
497
499
502
507
512
512
502
481
454
432
433
473
564
707
887
1081
1260
1401
1490
1528
1528
1505
1478
1458
1449
1450
1454
1459
1462
1463
1463
1463
1463
1464
1464
1464
1464
1464
1464
1464
1464
1464
1464
1464
1464
1463
1462
1462
1461
1461
1462
1461
1458
1454
1450
1450
1460
1480
1507
1529
1528
1488
1398
1255
1075
880
701
560
471
433
433
456
483
503
512
512
507
502
499
497
497
497
497
497
497
497
497
497
497
497
497
497
497
497
497
497
497
497
497
498
498
499
502
507
512
511
502
481
454
432
433
473
564
707
887
1081
1260
1401
1490
1528
1527
1505
1479
1458
1449
1450
1455
1459
1462
1464
1464
1464
1464
1464
1463
1463
1463
1463
1463
1463
1464
1464
1464
1464
1464
1464
1463
1463
1463
1463
1463
1461
1459
1454
1449
1450
1459
1480
1507
1529
1528
1489
1398
1255
1075
881
702
560
471
433
433
456
483
503
512
512
507
502
499
498
497
497
497
497
497
497
497
497
497
497
497
497
497
498
498
498
498
498
498
498
498
499
502
507
512
511
502
481
454
432
432
473
563
706
887
1081
1260
1401
1490
1528
1527
1505
1478
1458
1449
1450
1455
1459
1463
1464
1464
1464
1464
1464
1464
1464
1464
1463
1463
1463
1463
1464
1464
1464
1464
1464
1464
1464
1464
1464
1464
1462
1459
1455
1450
1450
1459
1480
1507
1529
1529
1489
1399
1256
1076
882
703
561
472
433
434
456
483
503
512
512
507
502
499
497
497
497
497
498
498
498
498
498
498
497
497
497
497
497
497
497
497
497
497
497
497
499
502
507
512
512
502
481
455
433
433
473
564
706
887
1081
1260
1401
1490
1529
1528
1506
1479
1459
1449
1449
1454
1459
1462
1464
1464
1464
1464
1464
1464
1464
1464
1464
1464
1464
1464
1464
1464
1464
1464
1464
1464
1464
1464
1464
1464
1462
1459
1454
1450
1450
1459
1480
1507
1529
1529
1489
1398
1256
1076
882
702
561
472
433
434
456
483
503
512
512
507
502
499
498
498
498
498
498
498
497
497
497
497
497
497
497
497
497
497
497
497
497
498
498
498
500
503
508
512
512
502
481
454
432
433
473
564
707
887
1081
1260
1401
1490
1528
1527
1505
1478
1458
1449
1450
1455
1460
1463
1465
1465
1465
1464
1464
1464
1464
1464
1465
1465
1465
1465
1465
1465
1464
1464
1464
1464
1464
1464
1464
1464
1462
1459
1455
1450
1450
1460
1480
1507
1529
1529
1489
1399
1256
1076
882
702
560
471
432
432
455
481
502
511
511
507
502
499
498
498
498
498
498
498
498
498
498
498
498
498
497
497
497
496
496
496
496
497
497
497
499
502
507
512
512
502
481
455
433
433
473
564
706
886
1080
1260
1401
1489
1528
1527
1505
1478
1458
1449
1450
1455
1459
1462
1464
1464
1464
1464
1464
1464
1464
1464
1464
1464
1464
1465
1465
1466
1467
1467
1467
1466
1465
1465
1464
1464
1462
1459
1454
1449
1450
1459
1480
1507
1529
1529
1489
1399
1256
1076
882
702
560
471
432
433
455
482
503
512
512
507
502
499
497
497
497
497
497
497
497
497
497
497
497
497
497
497
497
497
497
498
498
497
497
497
499
502
507
511
511
502
481
454
432
433
473
563
706
886
1080
1260
1401
1490
1529
1528
1506
1479
1459
1450
1450
1454
1459
1462
1464
1464
1464
1463
1463
1463
1463
1463
1464
1464
1464
1464
1464
1464
1464
1464
1464
1464
1464
1464
1464
1464
1462
1459
1454
1449
1449
1459
1479
1506
1528
1528
1488
1398
1256
1075
881
700
558
468
430
430
453
481
502
512
512
508
503
499
498
497
497
497
497
497
497
497
497
497
498
498
498
499
499
499
499
498
498
497
497
497
498
502
506
511
512
502
481
455
432
433
472
563
706
887
1081
1261
1403
1491
1530
1529
1506
1479
1458
1449
1449
1454
1459
1462
1464
1464
1464
1464
1464
1464
1464
1464
1464
1464
1464
1464
1464
1464
1464
1465
1465
1464
1464
1464
1464
1464
1463
1459
1455
1450
1450
1460
1480
1507
1529
1529
1489
1399
1256
1076
882
703
562
472
434
434
456
483
503
512
512
507
502
499
497
497
497
497
497
497
497
497
498
498
498
497
497
497
497
497
497
497
497
497
497
497
499
502
506
511
511
501
481
454
432
433
473
564
706
886
1080
1260
1401
1490
1529
1528
1506
1479
1459
1449
1449
1454
1458
1461
1463
1463
1463
1463
1464
1464
1464
1464
1464
1464
1465
1465
1465
1465
1465
1465
1465
1465
1464
1464
1464
1464
1462
1459
1455
1450
1450
1460
1480
1507
1529
1529
1489
1398
1255
1074
879
700
559
470
432
433
456
483
503
512
512
507
502
498
497
497
497
497
497
497
498
498
498
499
499
499
499
498
498
498
497
497
497
497
498
498
499
502
507
511
511
502
481
455
433
433
473
563
706
886
1079
1259
1400
1489
1528
1527
1505
1478
1458
1449
1449
1454
1459
1462
1464
1464
1464
1463
1463
1463
1463
1464
1464
1464
1464
1464
1464
1464
1464
1464
1464
1464
1464
1463
1464
1464
1462
1459
1455
1450
1450
1459
1480
1506
1528
1528
1488
1398
1256
1076
882
702
561
472
433
434
456
483
503
512
512
507
502
499
498
498
498
498
498
498
498
498
498
498
497
497
497
497
497
497
497
497
497
497
497
497
498
501
506
511
511
502
481
455
433
433
473
563
706
886
1080
1260
1401
1490
1528
1528
1506
1479
1459
1450
1450
1455
1460
1463
1464
1464
1464
1464
1464
1464
1464
1464
1465
1465
1466
1465
1465
1465
1464
1464
1464
1464
1464
1464
1464
1464
1463
1460
1455
1450
1450
1460
1480
1507
1529
1528
1488
1398
1255
1075
881
702
561
472
433
434
456
483
503
512
512
507
503
499
498
498
498
498
497
497
497
496
496
496
497
497
498
498
498
498
498
497
497
497
497
497
498
502
506
511
511
502
482
455
434
434
475
565
707
887
1080
1259
1400
1489
1528
1527
1505
1479
1459
1450
1450
1455
1459
1462
1464
1464
1464
1464
1464
1464
1464
1464
1464
1464
1464
1464
1464
1464
1464
1464
1464
1464
1464
1464
1464
1464
1463
1460
1455
1450
1450
1459
1480
1507
1529
1529
1489
1398
1256
1076
882
702
561
472
433
434
456
483
503
512
511
506
501
498
497
497
497
498
498
498
498
498
497
497
497
497
497
498
498
498
498
498
498
498
498
498
499
502
507
511
511
502
481
455
433
433
473
564
706
886
1080
1260
1401
1490
1528
1528
1505
1478
1458
1448
1449
1454
1459
1462
1464
1464
1464
1464
1463
1463
1463
1463
1463
1463
1464
1464
1464
1465
1464
1464
1464
1463
1463
1463
1464
1464
1463
1460
1455
1451
1451
1460
1481
1508
1530
1530
1490
1399
1256
1076
882
703
561
472
433
434
456
483
503
512
512
507
502
499
498
498
498
499
499
499
498
498
498
498
498
498
498
498
498
498
498
498
497
497
497
498
499
502
507
511
511
500
479
452
430
431
472
563
706
887
1081
1260
1401
1490
1528
1528
1506
1479
1459
1449
1449
1454
1459
1462
1464
1464
1464
1464
1464
1464
1464
1464
1464
1464
1464
1464
1464
1464
1464
1464
1464
1464
1464
1465
1465
1465
1463
1460
1455
1450
1450
1459
1480
1507
1529
1528
1488
1398
1256
1076
882
703
561
472
433
433
456
482
503
512
512
507
502
499
498
498
498
498
498
498
498
498
498
498
497
497
497
497
497
497
497
498
498
498
498
498
499
502
507
512
512
502
482
455
433
434
474
564
707
887
1081
1260
1401
1490
1528
1528
1505
1478
1458
1449
1450
1454
1459
1463
1464
1464
1464
1464
1464
1465
1465
1464
1464
1464
1464
1464
1464
1464
1465
1465
1465
1465
1465
1465
1464
1464
1463
1460
1455
1451
1451
1461
1481
1508
1530
1529
1489
1398
1256
1076
881
702
561
471
433
433
455
482
503
512
512
507
503
499
497
497
497
497
497
497
497
497
497
497
497
497
497
498
498
498
498
498
497
497
497
497
499
502
507
512
512
503
482
455
433
433
473
564
706
886
1080
1260
1401
1490
1528
1528
1506
1479
1459
1449
1449
1454
1459
1462
1464
1464
1464
1464
1464
1464
1464
1464
1464
1464