2424
2425
2445
2447
2447
2447
2447
2444
2445
2446
2445
2447
2447
2445
2447
2445
2448
2447
2446
2446
2445
2441
2447
2445
2447
2445
2445
2446
2447
2446
2448
2445
2444
2445
2446
2447
2448
2446
2446
2447
2448
2447
2449
2446
2445
2439
2444
2447
2448
2446
2445
2447
2446
2445
2444
2443
2447
2446
2445
2447
2446
2447
2447
2446
2447
2447
2447
2440
2446
2446
2447
2446
2446
2447
2446
2447
2447
2447
2445
2444
2446
2445
2447
2450
2446
2445
2445
2447
2448
2447
2447
2446
2446
2444
2447
2445
2446
2445
2447
2447
2451
2446
2447
2445
2445
2445
2447
2446
2447
2446
2447
2445
2458
2447
2447
2446
2446
2447
2446
2445
2445
2447
2447
2453
2445
2447
2447
2447
2446
2447
2446
2445
2447
2445
2447
2447
2437
2446
2447
2447
2446
2444
2447
2446
2447
2447
2445
2446
2447
805
832
832
831
833
833
832
831
832
832
832
832
832
832
831
832
831
831
831
831
832
829
831
832
831
831
831
831
831
834
831
831
831
831
832
830
830
832
832
831
827
830
831
830
831
831
832
831
831
829
831
832
830
831
828
831
831
833
831
831
831
832
831
830
833
831
829
832
831
831
830
830
832
831
831
830
835
831
832
829
831
832
830
832
831
831
831
831
829
831
834
831
832
832
831
831
830
831
833
831
834
831
833
833
832
826
831
831
828
831
833
832
830
830
830
831
831
828
831
830
829
829
832
831
831
832
830
832
831
833
834
830
831
830
830
832
831
832
831
831
832
831
831
831
830
830
835
830
830
832
832
831
831
831
831
831
833
831
830
831
831
830
831
831
833
830
831
830
832
832
832
829
829
828
831
831
835
831
829
830
831
831
831
832
831
831
830
838
832
831
833
832
831
831
831
831
832
832
831
841
830
831
831
832
831
831
831
831
831
831
832
818
830
831
830
831
831
831
832
826
831
831
832
840
832
831
831
832
834
833
832
830
830
832
833
834
831
829
829
832
831
831
831
831
831
832
830
827
831
831
833
831
831
831
834
831
831
832
836
832
830
831
831
832
833
829
830
831
832
831
829
830
829
832
832
832
833
829
831
830
831
830
831
827
832
830
832
832
836
835
832
831
830
831
833
832
834
831
831
830
832
831
832
829
831
831
833
832
831
831
831
831
831
831
831
833
831
829
831
831
831
832
831
832
831
831
831
832
833
832
831
829
832
831
830
833
831
831
831
833
832
831
831
831
831
832
829
832
832
831
831
832
831
832
832
831
830
831
832
831
832
831
832
831
831
830
832
832
830
831
827
833
832
831
830
832
833
832
836
832
831
829
809
831
831
831
831
832
832
831
831
832
831
833
831
830
830
832
831
831
832
832
832
829
831
831
832
830
832
832
837
832
831
831
833
830
830
834
830
831
831
831
830
827
831
832
831
832
832
831
831
831
832
832
832
830
831
831
831
832
833
831
832
829
833
832
831
832
831
831
831
831
830
833
831
831
831
833
831
840
831
831
832
831
831
833
833
831
831
833
831
831
831
830
830
833
833
830
832
833
838
832
830
836
831
831
831
831
831
832
831
831
833
833
830
830
831
831
832
831
2503
2447
2444
2443
2447
2447
2447
2454
2445
2445
2447
2446
2448
2446
2446
2440
2446
2447
2447
2447
2445
2445
2447
2449
2449
2446
2447
2447
2446
2447
2447
2446
2447
2447
2446
2447
2447
2448
2447
2448
2447
2447
2447
2447
2447
2447
2447
2447
2447
2447
2447
2448
2447
2448
2446
2447
2448
2447
2448
2447
2444
2447
2447
2447
2447
2448
2447
2447
2445
2447
2447
2448
2447
2447
2447
2448
2448
2448
2447
2446
2446
2446
2447
2448
2448
2448
2447
2447
2447
2448
2447
2451
2447
2445
2445
2447
2449
2448
2447
2447
2447
2449
2447
2447
2447
2447
2446
2447
2446
2445
2448
2446
2446
2448
2446
2446
2447
2447
2448
2448
2446
2447
2444
2449
2447
2447
2446
2447
2446
2447
2448
2448
2446
2445
2446
2447
2448
2447
2446
2447
2446
2447
2447
2446
2447
2447
2447
2448
2448
2447
2447
2447
2447
2446
2448
2447
2448
2452
2447
2446
2447
2447
2447
2447
2446
2447
2449
2446
2447
2447
2448
2449
2447
2447
2446
2447
2447
2446
2451
2445
2447
2447
2447
2448
2447
2446
2445
2446
2447
2447
2446
2446
2447
2446
2446
2447
2447
2446
2445
2446
2448
2447
2447
2449
2445
2447
2447
2457
2447
2447
2447
2447
2444
2446
2447
2447
2448
2446
2447
2447
2447
2447
2447
2444
2448
2446
2446
2449
2446
2447
2447
2446
2448
2447
2447
2448
2456
2446
2447
2445
2447
2448
2447
2449
2446
2446
2447
2447
2452
2446
2445
2446
2446
2447
2446
2447
2446
2446
2444
2445
2447
2448
2447
2446
2446
2447
2447
2447
2446
2447
2445
2446
2445
2448
2447
2447
2447
2451
2447
2446
2447
2447
2447
2446
2447
2446
2446
2447
2448
2446
2447
2446
2447
2447
2445
2446
2446
2446
2446
2444
2446
2447
2446
2446
2446
2445
2451
2446
2446
2447
2447
2448
2447
2447
2447
2446
2445
2446
2454
2443
2447
2446
2448
2447
2446
2446
2447
2447
2447
2447
2455
2446
2447
2446
2446
2446
2446
2446
2445
2447
2448
2445
2447
2446
2446
2445
2445
2447
2446
2447
2446
2447
2443
2447
2455
2446
2448
2447
2447
2447
2447
2448
2447
2447
2447
2449
2447
2446
2445
2446
2445
2447
2447
2446
2448
2445
2446
2444
2457
2447
2447
2446
2447
2447
2446
2446
2447
2447
2446
2449
2446
2455
2449
2447
2447
2447
2446
2446
2445
2447
2449
2445
2444
2447
2447
2447
2446
2448
2447
2447
2447
2447
2447
2448
2447
2447
2446
2447
2449
2446
2445
2446
2446
2445
2447
2447
2447
2445
2447
2447
2447
2453
2448
2447
2447
2446
2445
2445
2447
2447
2447
2448
2437
2451
2448
2448
2454
2445
2447
2446
2448
2446
2447
2447
2447
2451
2447
2447
2447
2447
2448
2447
2446
2445
2447
2448
2447
2444
2446
2446
2447
2447
2447
2447
2447
2445
2446
2448
2447
2457
2447
2446
2447
2446
2447
2446
2448
2447
2447
2447
2446
2447
2447
2445
2446
2448
2449
2447
2447
2446
814
832
833
839
833
832
831
831
832
833
833
830
831
832
832
831
831
832
831
831
831
832
831
831
832
832
831
847
831
832
832
833
832
831
831
832
832
833
832
831
830
829
830
833
833
832
831
832
832
832
831
829
829
826
831
830
831
831
831
831
831
832
829
830
830
832
831
830
833
831
833
832
833
832
831
833
831
832
829
831
832
833
831
832
832
832
833
832
831
831
832
832
831
830
832
832
830
831
832
831
831
832
832
832
835
830
831
830
834
833
831
832
831
831
831
831
829
831
831
831
831
833
832
832
831
831
832
831
812
831
831
832
831
832
832
832
831
831
830
832
827
831
832
832
832
831
831
832
831
832
832
831
807
831
832
833
833
831
830
831
830
832
838
832
831
831
831
831
832
831
831
831
830
831
832
833
817
831
831
831
833
832
832
831
830
831
832
831
832
831
832
831
829
831
831
833
831
831
833
831
854
833
832
831
831
832
831
831
831
831
832
830
831
832
831
833
832
834
830
830
831
831
832
832
830
832
832
832
832
831
831
831
832
831
831
833
830
829
831
832
832
832
832
832
832
831
833
833
831
831
831
832
832
833
832
832
831
831
831
833
831
831
832
831
831
836
831
831
832
832
833
829
830
831
832
831
832
829
831
829
832
833
833
821
831
830
832
832
832
841
830
830
832
831
832
826
831
829
832
833
833
845
831
830
831
831
833
833
833
831
831
831
833
843
831
831
832
832
831
831
832
832
831
831
832
847
831
831
833
833
829
832
832
831
832
831
831
828
831
832
831
831
832
831
831
832
833
833
831
839
830
832
833
832
832
830
831
830
831
833
831
831
830
831
832
833
832
829
830
831
830
833
831
816
831
831
832
832
831
831
832
830
833
831
831
832
832
832
831
831
834
830
832
833
832
832
830
825
832
832
835
831
830
832
832
831
834
832
831
831
831
832
832
832
833
831
831
833
832
832
831
831
830
831
832
832
831
830
831
834
831
833
831
831
831
831
831
832
834
831
831
825
833
832
831
831
832
831
831
831
832
830
831
830
831
831
832
831
832
831
831
831
838
832
832
831
830
831
830
831
831
831
832
833
824
830
831
831
832
832
831
831
831
834
832
832
835
831
830
831
833
831
832
832
832
832
830
831
836
831
2503
2445
2447
2446
2447
2446
2445
2446
2447
2445
2446
2445
2448
2444
2444
2447
2445
2445
2447
2447
2446
2447
2441
2446
2445
2448
2444
2446
2446
2447
2447
2446
2447
2450
2446
2445
2446
2447
2446
2447
2445
2446
2447
2447
2447
2447
2450
2447
2446
2447
2447
2448
2446
2447
2446
2447
2447
2447
2447
2447
2447
2447
2446
2445
2447
2447
2446
2446
2448
2447
2448
2446
2448
2447
2446
2447
2447
2447
2447
2447
2446
2447
2447
2446
2447
2447
2447
2447
2447
2447
2445
2446
2447
2447
2447
2447
2447
2447
2447
2443
2447
2446
2446
2447
2447
2449
2447
2447
2447
2447
2447
2450
2445
2445
2446
2447
2447
2447
2446
2446
2447
2447
2447
2447
2447
2447
2446
2447
2447
2447
2447
2445
2447
2447
2446
2441
2448
2447
2445
2446
2447
2447
2446
2447
2447
2445
2447
2436
2447
2448
2447
2447
2446
2447
2447
2447
2447
2447
2445
2441
2447
2447
2447
2447
2448
2446
2447
2447
2447
2448
2445
2435
2447
2447
2447
2435
2447
2447
2447
2446
2448
2448
2447
2447
2445
2446
2446
2449
2447
2447
2446
2446
2447
2447
2447
2451
2446
2445
2447
2447
2447
2447
2447
2445
2445
2445
2447
2447
2447
2447
2444
2448
2447
2447
2447
2446
2448
2447
2447
2452
2443
2447
2447
2447
2445
2447
2447
2446
2447
2447
2446
2445
2446
2447
2446
2447
2448
2447
2447
2447
2447
2448
2448
2441
2446
2445
2447
2449
2447
2446
2446
2444
2446
2446
2447
2447
2445
2445
2446
2448
2449
2441
2445
2445
2446
2447
2446
2446
2446
2445
2447
2447
2447
2446
2446
2445
2445
2447
2447
2447
2447
2447
2447
2446
2443
2448
2447
2445
2447
2445
2446
2445
2448
2447
2448
2447
2444
2446
2447
2447
2447
2447
2447
2446
2446
2447
2442
2447
2453
2445
2445
2448
2447
2445
2446
2446
2446
2445
2447
2447
2459
2445
2445
2445
2447
2447
2447
2446
2446
2445
2446
2447
2453
2446
2447
2446
2446
2447
2449
2446
2446
2446
2446
2445
2441
2446
2445
2446
2447
2448
2445
2445
2444
2446
2446
2447
2444
2445
2444
2446
2446
2446
2447
2445
2446
2446
2447
2439
2429
2445
2445
2446
2446
2447
2446
2447
2447
2446
2447
2447
2447
2445
2444
2444
2447
2447
2446
2445
2446
2447
2447
2445
2435
2444
2445
2444
2446
2448
2447